-0.901502
-0.902987
-0.904189
-0.908205
 0.808402
-0.586865
-0.698008
-0.728978
-0.913794
-0.955122
-0.911488
-0.885112
-0.893201
-0.902890
-0.909473
-0.913307
-0.919369
-0.920430
-0.923984
-0.929119
-0.931757
-0.935270
-0.940832
-0.940679
-0.942643
-0.945972
-0.949676
-0.954129
-0.949572
-0.953247
-0.954303
-0.960775
-0.960316
-0.963111
-0.958891
-0.962135
-0.964220
-0.966372
-0.966360
-0.967621
-0.964911
-0.968205
-0.965277
-0.972007
-0.970132
-0.970485
-0.972958
-0.973892
-0.977844
-0.974899
-0.971711
-0.969846
-0.974550
-0.975454
-0.978256
-0.977389
-0.978464
-0.976541
-0.980360
-0.978202
-0.980723
-0.983505
-0.982739
-0.983851
-0.982985
-0.983775
-0.990771
-0.990025
-0.991078
-0.994977
-0.993289
-0.993905
-0.993074
-0.996806
-1.000850
-0.998550
-0.998661
-1.000120
-1.001460
-1.005320
-1.002830
-1.003600
-1.002470
-1.004140
-1.001270
-1.005610
-1.009770
-1.005760
-1.005310
-1.008220
-1.005650
-1.011470
-1.008050
-1.009110
-1.007000
-1.008340
-1.009220
-1.010920
-1.011760
-1.007230
-1.009680
-1.006480
-1.009700
-1.009620
-1.012490
-1.008700
-1.009870
-1.007880
-1.008120
 0.302283
-0.497000
-0.492661
-0.529924
-0.693201
-0.733218
-0.697369
-0.692196
-0.708433
-0.722545
-0.736377
-0.741753
-0.750491
-0.756071
-0.768075
-0.772457
-0.778957
-0.782014
-0.792279
-0.800468
-0.806676
-0.804225
-0.818853
-0.821050
-0.823515
-0.829784
-0.836332
-0.836355
-0.845002
-0.845969
-0.854123
-0.854917
-0.859741
-0.861673
-0.860293
-0.863882
-0.862364
-0.872665
-0.867827
-0.873444
-0.877795
-0.885949
-0.888870
-0.891286
-0.894171
-0.898424
-0.903516
-0.904532
-0.907776
-0.912289
-0.911549
-0.918278
-0.922540
-0.918198
-0.924244
-0.924559
-0.924849
-0.930197
-0.933717
-0.936510
-0.935844
-0.934265
-0.935929
-0.941402
-0.943528
-0.945086
-0.948691
-0.946955
-0.949202
-0.954314
-0.956460
-0.957471
-0.957363
-0.956010
-0.959001
-0.964000
-0.964988
-0.966996
-0.970454
-0.968270
-0.970846
-0.975580
-0.971216
-0.974852
-0.974434
-0.975435
-0.986199
-0.986098
-0.985719
-0.986458
-0.995444
-0.997156
-1.000350
-0.999851
-1.009060
-1.002980
-1.006930
-1.011810
-1.018360
-1.016820
-1.018970
-1.017850
-1.019010
-1.020490
-1.026380
 0.747300
-1.207120
 0.505936
-1.210060
 0.468427
-1.210760
 0.465733
-1.210060
 0.407207
-1.214230
 0.363550
-1.214240
 0.307528
-1.220560
 0.246146
-1.222630
 0.208708
-1.218780
 0.166358
-1.223460
 0.101592
-1.225460
 0.104427
-1.222030
 0.183970
-1.215440
 0.300703
-1.212790
 0.384815
-1.208770
 0.424614
-1.211040
 0.435392
-1.211170
 0.408170
-1.217190
 0.389483
-1.214830
 0.342726
-1.217620
 0.310971
-1.218790
 0.286654
-1.217940
 0.256718
-1.221610
 0.234258
-1.225000
 0.211126
-1.223610
 0.181590
-1.225010
 0.160253
-1.225760
 0.140723
-1.230340
 0.123812
-1.228060
 0.103959
-1.229470
 0.090047
-1.227080
 0.076765
-1.229680
 0.054462
-1.230490
 0.050197
-1.233080
 0.032827
-1.234540
 0.016686
-1.233600
-0.008229
-1.233660
-0.027799
-1.236110
-0.043758
-1.234850
-0.064131
-1.235100
-0.075126
-1.233820
-0.106171
-1.232910
-0.119883
-1.235400
-0.130214
-1.232030
-0.142117
-1.232790
-0.153783
-1.229700
-0.163731
-1.234230
-0.182620
-1.234010
-0.205003
-1.233930
-0.221942
-1.235740
-0.739187
-0.182487
 0.173222
 1.643730
 2.527380
 0.378208
 1.140310
 0.251087
 1.350330
 0.546853
 0.399156
 1.138240
 0.235163
 1.346290
-0.736059
-0.155411
 0.172309
 1.682760
-0.735331
-0.171016
 0.163468
 1.689960
 2.600450
 0.391206
 1.165670
 0.275390
 1.401510
-0.828181
-0.340522
 0.178457
 1.457730
 1.987540
 0.398316
 0.962373
 0.085244
 0.911801
 0.552663
 0.397410
 0.944386
 0.084320
 0.890884
-0.838644
-0.360865
 0.163449
 1.463920
 1.945330
 0.393522
 0.951741
 0.082982
 0.908871
-0.841914
-0.352230
 0.162613
 1.460010
 8.912850
-0.018444
-0.044641
-0.890134
-0.835383
-0.831675
-0.834105
-0.834142
-0.832981
-0.833167
-0.830294
-0.835165
-0.830667
-0.828987
-0.825503
-0.819453
-0.812470
-0.800978
-0.788910
-0.776945
-0.766519
-0.754153
-0.739147
-0.732066
-0.720230
-0.708528
-0.702010
-0.697213
-0.682735
-0.688225
-0.681618
-0.671882
-0.674190
-0.665426
-0.665115
-0.660922
-0.663017
-0.655608
-0.652063
-0.652042
-0.648870
-0.653507
-0.650914
-0.647910
-0.646180
-0.649136
-0.652016
-0.649666
-0.648719
-0.649771
-0.646631
-0.647377
-0.647961
-0.648020
-0.643368
-0.651211
-0.646033
-0.649607
-0.641602
-0.645499
-0.646202
-0.649372
-0.644302
-0.650142
-0.645291
-0.644366
-0.645074
-0.641256
-0.646542
-0.644335
-0.644966
-0.646270
-0.644741
-0.643085
-0.644926
-0.646505
-0.647933
-0.641489
-0.647548
-0.647067
-0.649295
-0.645416
-0.647662
-0.644825
-0.648428
-0.652138
-0.648418
-0.648746
-0.650581
-0.646755
-0.654847
-0.648741
-0.651679
-0.652971
-0.650132
-0.655408
-0.651021
-0.652238
-0.651460
-0.650576
-0.652563
-0.650277
-0.654366
 9.550780
 0.562150
 0.546811
-0.718918
-0.667835
-0.659187
-0.655380
-0.659800
-0.660760
-0.666737
-0.658463
-0.658945
-0.658288
-0.663184
-0.662014
-0.658043
-0.663181
-0.659649
-0.654150
-0.660722
-0.661894
-0.659772
-0.662670
-0.662122
-0.660259
-0.660626
-0.660558
-0.658060
-0.656138
-0.654699
-0.648779
-0.654188
-0.659922
-0.653793
-0.660341
-0.656668
-0.651644
-0.653258
-0.650699
-0.655979
-0.649710
-0.655086
-0.655248
-0.651183
-0.653259
-0.646670
-0.644578
-0.642617
-0.652228
-0.653398
-0.651611
-0.647915
-0.640963
-0.651042
-0.652256
-0.652959
-0.648043
-0.650880
-0.647835
-0.638059
-0.646723
-0.647475
-0.642081
-0.648711
-0.641252
-0.646117
-0.652304
-0.651071
-0.653407
-0.642321
-0.648686
-0.647663
-0.652344
-0.643823
-0.650442
-0.649057
-0.644994
-0.644791
-0.644370
-0.652196
-0.649900
-0.648265
-0.647260
-0.647817
-0.646433
-0.643282
-0.650346
-0.644970
-0.647413
-0.644613
-0.647012
-0.645164
-0.650616
-0.649773
-0.647379
-0.649734
-0.650700
-0.649442
-0.649588
-0.645855
-0.647066
-0.646218
-0.645429
 0.388999
-0.090068
-0.106228
-0.100371
-0.081291
-0.977459
-0.904901
-0.897673
-0.871388
-0.856112
-0.838895
-0.818344
-0.798500
-0.779706
-0.758796
-0.751321
-0.738291
-0.706040
-0.730459
-0.693388
-0.687161
-0.686413
-0.672538
-0.681329
-0.676996
-0.674253
-0.670179
-0.669878
-0.664499
-0.663741
-0.662861
-0.662605
-0.656217
-0.660100
-0.660000
-0.661639
-0.661935
-0.653837
-0.643478
-0.654906
-0.653399
-0.656309
-0.655016
-0.648000
-0.660617
-0.651551
-0.651652
-0.651153
-0.658465
-0.654107
-0.656920
-0.653660
-0.655713
-0.657273
-0.653054
-0.652307
-0.654618
-0.652937
-0.651821
-0.657794
-0.654248
-0.658050
-0.657624
-0.655384
-0.657576
-0.656531
-0.656975
-0.659642
-0.656395
-0.656895
-0.657160
-0.652870
-0.656217
-0.654621
-0.656946
-0.656000
-0.656306
-0.658265
-0.658266
-0.665455
-0.663526
-0.655858
-0.655456
-0.661332
-0.657776
-0.661051
-0.659987
-0.656395
-0.658667
-0.660997
-0.661404
-0.657867
-0.663829
-0.663058
-0.662689
-0.665502
-0.663679
-0.664987
-0.659016
-0.661654
-0.667167
-0.659924
-0.668096
-0.663383
-0.665302
-0.661543
 3.901810
 0.008954
 2.475520
 0.001333
 2.468720
 0.007047
 2.474450
-0.002006
 2.408240
-0.035553
 2.290860
-0.052480
 2.266920
-0.043237
 2.405630
 0.001231
 2.480630
 0.012323
 2.506060
 0.007215
 2.520540
 0.013639
 2.539700
 0.005035
 2.534410
 0.019052
 2.516840
 0.009771
 2.500140
 0.000517
 2.483740
 0.002496
 2.462180
-0.002189
 2.432910
-0.004140
 2.435400
-0.001999
 2.466430
-0.001454
 2.424990
 0.002251
 2.422410
 0.000851
 2.446690
 0.001537
 2.444600
 0.001282
 2.453150
 0.000952
 2.456600
 0.006870
 2.450560
 0.009668
 2.475530
 0.011781
 2.467910
 0.011092
 2.491700
 0.012958
 2.476040
 0.001077
 2.491220
 0.017051
 2.487950
 0.014276
 2.482390
 0.011098
 2.481300
 0.019720
 2.488270
 0.011189
 2.485850
 0.009892
 2.478010
 0.017781
 2.478560
 0.018395
 2.456360
 0.017486
 2.475380
 0.008091
 2.463080
 0.008825
 2.467280
 0.012500
 2.461030
 0.014427
 2.470980
 0.018182
 2.456310
 0.008598
 2.459930
 0.013177
 2.443730
 0.010021
 2.468960
 0.004918
 2.439640
 0.007964
-0.629852
-0.192301
-0.061129
 0.000464
 0.008231
 0.017784
 0.032836
 0.040063
 0.062822
-0.159556
-0.000305
 0.027774
 0.042772
-0.651153
-0.237718
-0.113580
-0.049431
-0.028300
-0.660082
-0.379790
-0.195172
-0.099456
-0.059739
-0.036694
-0.008028
 0.007608
 0.025175
-0.180558
-0.040406
 0.001131
 0.019666
-0.671329
-0.286270
-0.166869
-0.094901
-0.182122
-0.629908
-0.083296
 0.117756
 0.150694
 0.130061
 0.117447
 0.109495
 0.112725
 0.107807
-0.129228
 0.039958
 0.070988
 0.079514
-0.669331
-0.242951
-0.080019
-0.009773
 0.008516
 2.510550
 0.183168
-0.041168
-0.078649
-0.097567
-0.098914
-0.111542
-0.122020
-0.112824
-0.119415
-0.127661
-0.121419
-0.130356
-0.129535
-0.125544
-0.128569
-0.128561
-0.122894
-0.138926
-0.126651
-0.133957
-0.127777
-0.129387
-0.125046
-0.131251
-0.135367
-0.133712
-0.139939
-0.139234
-0.140315
-0.131963
-0.130946
-0.131029
-0.143074
-0.137154
-0.135481
-0.133119
-0.139500
-0.138889
-0.139813
-0.137871
-0.134811
-0.139775
-0.134036
-0.128136
-0.134284
-0.133400
-0.140592
-0.144100
-0.134770
-0.132864
-0.133372
-0.134186
-0.140034
-0.136973
-0.134089
-0.130099
-0.130339
-0.132521
-0.136064
-0.138337
-0.135971
-0.138279
-0.135555
-0.135562
-0.134200
-0.133927
-0.132120
-0.133587
-0.139473
-0.132632
-0.130926
-0.132118
-0.131300
-0.133345
-0.132938
-0.141508
-0.135459
-0.133314
-0.139638
-0.139982
-0.144929
-0.138080
-0.137433
-0.133517
-0.141203
-0.136446
-0.137467
-0.143778
-0.140830
-0.132836
-0.136991
-0.134844
-0.133336
-0.130977
-0.135757
-0.134979
-0.136510
-0.134266
-0.136036
 2.153280
 0.140171
-0.055660
-0.096312
-0.107924
-0.120500
-0.123082
-0.128767
-0.133237
-0.138615
-0.147913
-0.145109
-0.148787
-0.143487
-0.149063
-0.145859
-0.146996
-0.147647
-0.144999
-0.140479
-0.146203
-0.147059
-0.146409
-0.152403
-0.150510
-0.139759
-0.148566
-0.148373
-0.148474
-0.140213
-0.141327
-0.148923
-0.152177
-0.151074
-0.150735
-0.150041
-0.145780
-0.150623
-0.143638
-0.141991
-0.142506
-0.148468
-0.153930
-0.146741
-0.143751
-0.148727
-0.147266
-0.150291
-0.151926
-0.142500
-0.152070
-0.144712
-0.149004
-0.142788
-0.142188
-0.141555
-0.139835
-0.143118
-0.136500
-0.140265
-0.142751
-0.140895
-0.134819
-0.141894
-0.141615
-0.138774