  0.532185
  0.822043
 -1.529380
  0.696702
 -1.137750
  0.572947
 -0.172386
  0.746323
 -0.674419
  0.357664
 -1.354070
  0.544374
 -0.994015
  0.083835
 -0.118093
  0.695117
 -0.703777
  0.231832
 -1.284030
  0.521650
  0.580829
  0.806346
 -1.484930
  0.411283
 -0.180072
  0.715880
 -0.659475
  0.307196
 -1.199770
  0.544297
  0.600193
  0.808619
 -1.435450
  0.420058
 -1.055650
  0.270345
  0.610446
  0.816468
 -0.132754
  0.705036
 -0.592031
  0.304125
 -1.215810
  0.594197
 -1.548240
  0.435352
 -1.199770
  0.180485
 -1.345920
  0.548971
  0.583074
  0.807546
 -1.757230
  0.436620
 -1.078890
  0.210255
 -0.209263
  0.697938
 -0.756992
  0.320956
 -0.169562
  0.707110
 -0.765301
  0.285874
 -1.489820
  0.555810
  0.537472
  0.775139
 -1.786400
  0.421527
 -1.119320
  0.198885
 -1.126190
  0.207417
 -0.158737
  0.733384
 -0.610755
  0.358839
 -1.152920
  0.597859
  0.576236
  0.831010
 -1.412120
  0.468370
 -1.459490
  0.477196
 -1.004240
  0.264292
  0.620482
  0.836363
 -0.154118
  0.736488
 -0.652342
  0.368417
 -1.243570
  0.594992
  0.603986
  0.836210
 -1.449270
  0.475875
 -0.948478
  0.266198
 -0.090465
  0.729979
 -0.663120
  0.382862
 -1.206300
  0.611773
 -0.132159
  0.734589
 -0.640250
  0.318089
 -1.207930
  0.595474
  0.609178
  0.841030
 -1.527590
  0.470936
 -1.077520
  0.294847
  0.541630
 -0.621585
 -1.141430
-13.575500
 -0.548262
-11.294800
  0.139693
 -1.669800
 -0.218194
 -2.251890
 -0.656320
 -1.010390
 -0.394880
 -1.877130
  0.157582
 -0.353703
 -0.179953
 -3.541330
 -0.521808
 -2.798650
  0.726813
  0.421148
 -0.635720
 -3.129570
  0.141666
 -1.202950
 -0.224568
 -2.676990
 -0.514341
 -1.212760
  0.733004
  0.641134
 -0.755301
 -1.590790
 -0.241620
 -1.513710
  0.752126
  0.714838
  0.187016
 -0.292045
 -0.129805
 -1.400550
 -0.528034
 -0.816735
 -0.501193
 -1.144610
 -0.401307
 -1.491810
 -0.378578
 -0.703234
  0.749648
  0.731156
 -0.610025
 -1.231080
 -0.219572
 -1.366800
  0.215363
  0.034977
 -0.081474
 -1.166370
  0.183203
  0.006595
 -0.142386
 -1.049410
 -0.564534
 -0.483124
  0.750425
  0.737315
 -0.653482
 -0.733229
 -0.395795
 -1.362670
 -0.407024
 -1.145710
  0.104957
  0.078179
 -0.246352
 -0.849312
 -0.580320
 -0.437676
  0.713173
  0.715020
 -0.740083
 -0.655574
 -0.585799
 -0.768317
 -0.398580
 -1.288460
  0.720483
  0.736059
  0.093811
  0.038015
 -0.201607
 -0.721001
 -0.570579
 -0.202182
  0.716848
  0.727649
 -0.689974
 -0.630289
 -0.445987
 -1.051880
  0.075186
  0.104806
 -0.231750
 -0.925993
 -0.668976
 -0.193215
  0.195774
  0.283052
 -0.086978
 -0.738299
 -0.483015
 -0.202929
  0.761164
  0.755795
 -0.542211
 -0.591126
 -0.289032
 -0.901366
  0.749114
  0.861465
 -0.760795
  0.736418
 -0.469841
  0.661428
  0.289334
  0.841482
 -0.176745
  0.680154
 -0.758061
  0.782150
 -0.639581
  0.642918
  0.199315
  0.834119
 -0.262405
  0.692257
 -0.856865
  0.796764
  0.671909
  0.847011
 -1.128890
  0.733756
  0.160913
  0.841534
 -0.293363
  0.687268
 -0.897843
  0.772368
  0.684680
  0.849133
 -1.172950
  0.729690
 -0.604309
  0.650957
  0.696364
  0.839931
  0.106544
  0.842329
 -0.365434
  0.690001
 -0.840892
  0.777188
 -1.553360
  0.675990
 -0.921384
  0.569819
 -1.147270
  0.729989
  0.613310
  0.774038
 -1.491420
  0.688758
 -0.855878
  0.568684
 -0.026403
  0.800971
 -0.528560
  0.632990
 -0.008863
  0.789038
 -0.490978
  0.631812
 -1.163180
  0.739731
  0.603611
  0.797654
 -1.565160
  0.687539
 -0.946114
  0.587892
 -0.835180
  0.572804
  0.019845
  0.786857
 -0.565883
  0.641422
 -1.144390
  0.746827
  0.624841
  0.812826
 -1.699560
  0.705228
 -1.445340
  0.697164
 -0.884307
  0.598173
  0.619900
  0.780406
 -0.093835
  0.795307
 -0.545725
  0.618438
 -1.054210
  0.764016
  0.613788
  0.810584
 -1.405080
  0.718638
 -0.968705
  0.616093
  0.039887
  0.820899
 -0.524210
  0.660057
 -1.201170
  0.758300
 -0.020357
  0.837756
 -0.528381
  0.641651
 -1.089750
  0.781183
  0.631026
  0.804311
 -1.375420
  0.712668
 -0.889752
  0.615317
  0.633715
  0.821747
 -1.463280
  0.718613
 -0.852432
  0.518777
  0.022075
  0.825703
 -0.542386
  0.643885
 -1.140130
  0.759619
 -0.970184
  0.610657
  0.032330
  0.828409
 -0.541457
  0.650741
 -1.073880
  0.769338
  0.624598
  0.833193
 -1.407160
  0.710704
  0.030251
  0.848025
 -0.430269
  0.668195
 -0.990750
  0.788781
  0.644946
  0.843694
 -1.288490
  0.726463
 -0.702156
  0.635090
  0.653073
  0.856037
  0.035454
  0.844098
 -0.457610
  0.679674
 -0.990953
  0.788500
 -1.151610
  0.736317
 -0.706953
  0.636215
 -1.036960
  0.772430
  0.662482
  0.852849
 -1.352120
  0.732951
 -0.695837
  0.630836
  0.112538
  0.845038
 -0.380942
  0.668442
  0.121175
  0.832229
 -0.324812
  0.664025
 -0.792849
  0.765422
  0.659214
  0.838456
 -1.029650
  0.722805
 -0.672331
  0.620216
 -0.531958
  0.630167
  0.229585
  0.836349
 -0.202290
  0.673530
 -0.737327
  0.788985
  0.698122
  0.845157
 -1.095760
  0.721869
 -1.019180
  0.742096
 -0.557794
  0.638211
  0.693816
  0.848156
  0.220307
  0.824885
 -0.148250
  0.688817
 -0.690041
  0.785350
  0.702376
  0.846520
 -0.961607
  0.738828
 -0.429194
  0.626966
  0.296204
  0.831262
 -0.188314
  0.688652
 -0.676439
  0.784356
  0.280203
  0.832810
 -0.149809
  0.692034
 -0.664365
  0.786436
  0.720385
  0.849092
 -0.886051
  0.735941
 -0.426434
  0.636081
  0.820209
  0.846641
 -0.568918
  0.808635
 -0.188126
  0.723571
  0.378685
  0.778926
  0.013191
  0.637273
 -0.385123
  0.731458
 -0.150969
  0.663540
  0.405575
  0.774568
  0.074928
  0.601030
 -0.318644
  0.645615
  0.810140
  0.822977
 -0.380316
  0.585104
  0.416132
  0.725641
  0.106867
  0.542412
 -0.292768
  0.648986
  0.811229
  0.839608
 -0.359128
  0.571532
 -0.052547
  0.460771
  0.816917
  0.838189
  0.398726
  0.710533
  0.078527
  0.505866
 -0.307598
  0.602897
 -0.330681
  0.529846
 -0.098676
  0.452961
 -0.239089
  0.604881
  0.816260
  0.839991
 -0.388692
  0.479345
 -0.080958
  0.422397
  0.366760
  0.704480
  0.035266
  0.407956
  0.332238
  0.681759
 -0.023380
  0.377522
 -0.356642
  0.553897
  0.785627
  0.831326
 -0.486695
  0.423677
 -0.171826
  0.287166
 -0.184067
  0.328476
  0.314745
  0.655395
  0.005335
  0.371199
 -0.444824
  0.537800
  0.772818
  0.794588
 -0.573847
  0.406680
 -0.450176
  0.385079
 -0.211029
  0.241445
  0.795245
  0.823261
  0.370303
  0.663579
  0.051863
  0.427252
 -0.333258
  0.559583
  0.789735
  0.804296
 -0.630010
  0.376622
 -0.205185
  0.225334
  0.329524
  0.631830
  0.003663
  0.337912
 -0.298164
  0.534228
  0.335371
  0.655024
 -0.025564
  0.363770
 -0.449327
  0.546936
  0.812501
  0.839413
 -0.354025
  0.426345
 -0.079684
  0.265992
  0.799382
  0.838367
 -0.373496
  0.447475
 -0.115946
  0.332659
  0.392759
  0.704465
  0.061379
  0.271398
 -0.340287
  0.554829
 -0.127510
  0.280472
  0.372876
  0.694267
  0.076908
  0.397926
 -0.311975
  0.560859
  0.813321
  0.824737
 -0.386634
  0.431303
  0.369216
  0.702569
  0.071687
  0.389445
 -0.275228
  0.552379
  0.808233
  0.833031
 -0.366823
  0.441174
 -0.074659
  0.345617
  0.811477
  0.844121
  0.376487
  0.667139
  0.053759
  0.349198
 -0.308302
  0.523406
 -0.398739
  0.399397
 -0.211295
  0.255035
 -0.270292
  0.527014
  0.813240
  0.843973
 -0.381482
  0.375434
 -0.134025
  0.300717
  0.353251
  0.686111
  0.003445
  0.309445
  0.336948
  0.655906
 -0.059003
  0.271631
 -0.343650
  0.543886
  0.788227
  0.825506
 -0.422773
  0.440250
 -0.131878
  0.258503
 -0.132409
  0.311892
  0.351845
  0.684989
  0.053341
  0.298497
 -0.401340
  0.504091
  0.777938
  0.829419
 -0.432963
  0.389581
 -0.372971
  0.389283
 -0.113000
  0.237500
  0.804484
  0.842407
  0.317476
  0.664102
  0.017660
  0.358855
 -0.358456
  0.544286
  0.807873
  0.833586
 -0.459717
  0.398517
 -0.128454
  0.246837
  0.351391
  0.676361
  0.055864
  0.296987
 -0.276436
  0.538738
  0.350290
  0.691687
  0.096201
  0.310420
 -0.238010
  0.537516
  0.812653
  0.844256
 -0.283199
  0.415655
 -0.020208
  0.281869
  0.812989
  0.822372
 -0.621946
  0.608087
 -0.220106
  0.578597
  0.365139
  0.720848
  0.021719
  0.563395
 -0.378265
  0.630238
 -0.132330
  0.456335
  0.418253
  0.688983
  0.080863
  0.469377
 -0.276287
  0.516951
  0.809901
  0.827071
 -0.396353
  0.378029
  0.398544
  0.654035
  0.118780
  0.314048
 -0.266420
  0.501136
  0.806237
  0.828195
 -0.366390
  0.380841
 -0.047575
  0.284543
  0.812759
  0.825537
  0.415923
  0.602783
  0.134832
  0.273035
 -0.257981
  0.466405
 -0.315708
  0.315817
 -0.037701
  0.140946
 -0.194392
  0.460102
  0.816127
  0.821565
 -0.363686
  0.249795
 -0.025154
  0.189088
  0.456520
  0.647421
  0.145643
  0.189339
  0.450645
  0.622936
  0.066938
  0.184339
 -0.259805
  0.471863
  0.810433
  0.825434
 -0.334316
  0.333227
 -0.023434
  0.114520
 -0.071836
  0.193968
  0.427908
  0.655376
  0.130688
  0.237838
 -0.198243
  0.445699
  0.811081
  0.828631
 -0.327093
  0.293049
 -0.327638
  0.291646
 -0.034131
  0.121096
  0.810685
  0.829179
  0.453028
  0.593190
  0.146604
  0.248197
 -0.304221
  0.465073
  0.803470
  0.821132
 -0.401959
  0.289891
 -0.057531
  0.111787
  0.428512
  0.615721
  0.127119
  0.144129
 -0.291286
  0.461512
  0.420264
  0.633441
  0.122930
  0.191453
 -0.182177
  0.428984
  0.797052
  0.823926
 -0.386705
  0.272885
 -0.110258
  0.061453
  0.774120
  0.814299
 -2.642300
  0.521352
 -1.703660
  0.538248
 -0.308626
  0.725759
 -1.213460
  0.571719
 -2.257940
  0.639681
 -1.765210
  0.471560
 -0.359181
  0.700034
 -1.220100
  0.495441
 -2.306350
  0.542986
  0.774146
  0.822992
 -2.770840
  0.396962
 -0.377755
  0.639607
 -1.150170
  0.387273
 -2.182690
  0.563797
  0.765853
  0.830483
 -2.703150
  0.451803
 -1.780550
  0.349952
  0.774484
  0.834433
 -0.347130
  0.666085
 -1.174810
  0.392685
 -2.328530
  0.567276
 -2.624680
  0.477538
 -1.832680
  0.303607
 -2.352640
  0.566427
  0.775051
  0.832346
 -2.658650
  0.466764
 -1.902150
  0.348358
 -0.332458
  0.691741
 -1.266520
  0.392768
 -0.400492
  0.692601
 -1.184450
  0.404812
 -2.296770
  0.586971
  0.763693
  0.832907
 -2.865130
  0.489310
 -1.901780
  0.367197
 -1.815110
  0.364931
 -0.356179
  0.717513
 -1.207230
  0.413515
 -2.332240
  0.600800
  0.764026
  0.833295
 -2.746630
  0.484828
 -2.678090
  0.519346
 -1.756350
  0.314223
  0.775670
  0.840215
 -0.404211
  0.675151
 -1.323820
  0.406193
 -2.474770
  0.585794
  0.776171
  0.839424
 -2.839040
  0.481398
 -1.859950
  0.343158
 -0.391022
  0.694772
 -1.207960
  0.380963
 -2.403120
  0.568491
 -0.348997
  0.707172
 -1.248430
  0.393317
 -2.510380
  0.553596
  0.777389
  0.834995
 -2.805920
  0.402463
 -1.781410
  0.211477
  0.785024
  0.823707
 -2.898190
  0.428307
 -1.803840
  0.292039
 -0.370499
  0.700384
 -1.219480
  0.331317
 -2.440450
  0.549666
 -1.992140
  0.220824
 -0.439044
  0.671155
 -1.356660
  0.337665
 -2.507500
  0.556966
  0.783824
  0.833345
 -2.856970
  0.402026
 -0.372847
  0.682770
 -1.255160
  0.367450
 -2.453380
  0.545753
  0.771619
  0.839275
 -2.945570
  0.404826
 -1.969530
  0.297777
  0.773854
  0.832758
 -0.399357
  0.657106