-0.662550
-0.913941
-0.948856
-1.130420
-1.137400
-1.088520
-1.179300
-1.270080
-1.130420
-0.990754
-0.662550
-0.865059
-0.969805
-0.927907
-0.858076
-0.837127
-1.018690
-1.025670
-0.969805
-0.934890
-1.046620
-0.920924
-0.886008
-0.913941
-0.844110
-0.851093
-0.913941
-0.899974
-0.767296
-0.732381
-0.732381
-0.508922
-0.404176
-0.425125
-0.138819
 0.056707
 0.189385
-0.145802
-0.020107
-0.096921
 0.196368
 0.182402
 0.405860
 0.245250
 0.259216
-0.180718
-0.208650
 0.007825
 0.210334
-0.152785
-0.390210
-0.543838
-0.180718
 0.245250
 0.301114
 0.587420
 0.405860
 0.161453
 0.231284
 0.280165
 0.356979
 0.363962
 0.349996
 0.356979
 0.294131
 0.384911
 0.343013
 0.643285
 0.573454
 0.559488
 0.349996
 0.419827
 0.461725
 0.308097
 0.168436
 0.398877
 0.587420
 0.294131
 0.196368
 0.419827
 0.545522
 0.615353
 0.573454
 0.713116
 0.713116
 0.748031
 0.720099
 0.852777
 0.894676
 0.922608
 1.125120
 1.174000
 1.187960
 1.229860
 1.236850
 1.097180
 1.034340
 0.957523
 0.629319
 0.559488
 0.566471
 0.573454
 0.782946
 0.985456
 1.006400
 0.377928
 0.294131
 0.398877
 0.496640
 0.664234
 0.866743
 1.027350
 1.153050
 1.027350
 0.929591
 0.894676
 0.957523
 1.027350
 1.118130
 1.174000
 1.264780
 1.222880
 1.306680
 1.160030
 1.369520
 1.460300
 1.285730
 1.222880
 1.215900
 1.118130
 1.111150
 1.013390
 1.048300
 1.083220
 1.153050
 0.838811
 0.887693
 1.083220
 1.264780
 1.222880
 1.495220
 1.495220
 1.327630
 1.425390
 1.327630
 0.908642
 0.720099
 0.999422
 1.222880
 1.355560
 1.481250
 1.516170
 1.348580
 0.908642
 0.880709
 0.978473
 1.006400
 1.104170
 1.299690
 1.160030
 1.076240
 1.194950
 1.097180
 1.194950
 1.194950
 1.362540
 1.418410
 1.313660
 0.894676
 1.069250
 1.055290
 1.076240
 0.985456
 1.020370
 1.229860
 1.153050
 1.222880
 1.146070
 0.838811
 0.692166
 0.796913
 0.964506
 1.222880
 1.362540
 1.271760
 1.243830
 1.187960
 1.174000
 1.299690
 1.229860
 1.243830
 1.034340
 1.160030
 1.278740
 1.187960
 0.936574
 0.831828
 0.796913
 0.713116
 0.510607
 0.643285
 0.768980
 0.761997
 0.775963
 0.782946
 0.755014
 0.859760
 0.796913
 0.727082
 0.699150
 0.699150
 0.741048
 0.566471
 0.454742
 0.356979
 0.482674
 0.496640
 0.356979
 0.238267
 0.468708
 0.433793
 0.301114
 0.175419
 0.238267
 0.356979
 0.370945
 0.545522
 0.405860
 0.461725
-0.068989
-0.159769
-0.208650
 0.077656
 0.196368
 0.245250
 0.377928
 0.119554
 0.091622
 0.070673
 0.091622
 0.161453
 0.252233
-0.062005
 0.154470
-0.138819
-0.131836
-0.404176
-0.501939
-0.494956
-0.578753
-0.334345
-0.543838
-0.543838
-0.278481
-0.369261
-0.362278
-0.467024
-0.264515
-0.397193
-0.355295
-0.292447
-0.271498
-0.285464
-0.480990
-0.494956
-0.453058
-0.529871
-0.760313
-0.732381
-0.879025
-0.809194
-0.732381
-0.823161
-1.025670
-1.193260
-1.318960
-1.381810
-1.409740
-1.360860
-1.437670
-1.479570
-1.493540
-1.437670
-1.458620
-1.235160
-1.256110
-1.277060
-1.235160
-1.263090
-1.256110
-1.039640
-1.186280
-1.277060
-1.263090
-1.228180
-1.304990
-1.256110
-1.332920
-1.325940
-1.158350
-1.109470
-0.913941
-0.997737
-1.235160
-1.318960
-1.633200
-1.668110
-1.835710
-1.696040
-1.884590
-1.863640
-1.870620
-1.877600
-1.703030
-1.898550
-1.919500
-1.856660
-1.814760
-1.535430
-1.682080
-1.409740
-1.591300
-1.661130
-1.884590
-1.940450
-1.800790
-1.898550
-1.926490
-1.891570
-1.947440
-1.884590
-1.682080
-1.793810
-1.800790
-1.793810
-1.856660
-1.842690
-1.863640
-1.849670
-1.835710
-1.765880
-1.807770
-1.772860
-1.619230
-1.765880
-1.668110
-1.737940
-1.612250
-1.689060
-1.730960
-1.619230
-1.633200
-1.668110
-1.605260
-1.458620
-1.409740
-1.409740
-1.270080
-1.193260
-1.004720
-0.592719
-0.676516
-0.578753
-0.599702
-0.606685
-0.460041
-0.669533
-1.004720
-1.381810
-1.067570
-1.053600
-0.906957
-0.851093
-0.718414
-0.732381
-0.585736
-0.592719
-0.655567
-0.892991
-0.858076
-0.613668
-0.522888
-0.571770
-0.557804
-0.788245
-0.830144
-0.592719
-0.362278
-0.103904
 0.035757
-0.041056
-0.055022
-0.208650
-0.187701
-0.494956
-0.508922
-0.173735
-0.048039
 0.063690
 0.070673
-0.020107
-0.075972
 0.035757
 0.035757
-0.006141
 0.133521
 0.154470
 0.510607
 0.245250
 0.489657
 0.231284
-0.180718
-0.327362
-0.117870
 0.147487
-0.020107
-0.152785
-0.173735
-0.138819
-0.034073
 0.189385
 0.322064
 0.238267
 0.405860
 0.329047
 0.664234
 0.657251
 0.580437
 0.524573
 0.098605
 0.140504
 0.510607
 0.775963
 0.727082
 0.706133
 0.789930
 0.615353
 0.440776
 0.329047
 0.315080
 0.454742
 0.678200
 0.782946
 0.915625
 0.559488
 0.545522
 0.761997
 0.810879
 0.755014
 0.943557
 0.789930
 0.894676
 0.957523
 1.097180
 0.692166
 0.468708
 0.706133
 0.817862
 0.887693
 0.901659
 0.720099
 0.810879
 0.873726
 1.104170
 0.824845
 0.426810
 0.363962
 0.671217
 0.789930
 1.013390
 0.985456
 0.761997
 0.734065
 0.782946
 1.013390
 0.782946
 0.671217
 0.748031
 0.803896
 0.915625
 0.992439
 1.076240
 1.027350
 1.013390
 1.285730
 1.139080
 1.278740
 1.341590
 1.271760
 1.180980
 1.362540
 1.502200
 1.488240
 1.299690
 1.334610
 1.174000
 1.174000
 1.327630
 1.327630
 0.894676
 0.992439
 1.236850
 1.187960
 0.803896
 0.657251
 0.880709
 1.069250
 0.929591
 1.111150
 1.132100
 1.313660
 1.334610
 1.013390
 0.936574
 1.083220
 1.243830
 1.222880
 1.055290
 1.132100
 1.215900
 1.264780
 1.167020
 1.236850
 1.243830
 1.327630
 1.355560
 1.446340
 1.285730
 1.327630
 1.320640
 1.341590
 1.257800
 1.334610
 1.320640
 1.425390
 1.299690
 1.236850
 1.020370
 1.139080
 0.887693
 0.859760
 1.020370
 1.236850
 1.132100
 1.048300
 1.160030
 1.229860
 1.125120
 1.222880
 1.111150
 1.048300
 1.174000
 1.257800
 1.243830
 1.194950
 0.943557
 0.922608
 1.041320
 1.097180
 1.118130
 0.734065
 0.671217
 0.789930
 1.069250
 0.755014
 0.775963
 0.734065
 0.775963
 0.824845
 0.775963
 0.657251
 0.678200
 0.587420
 0.629319
 0.615353
 0.657251
 0.433793
 0.440776
 0.343013
 0.426810
 0.377928
 0.384911
 0.301114
 0.161453
 0.398877
 0.447759
 0.440776
 0.231284
 0.210334
 0.154470
 0.280165
 0.343013
 0.419827
 0.447759
 0.496640
 0.245250
 0.252233
 0.252233
 0.329047
 0.315080
 0.210334
 0.021791
 0.084639
 0.049724
-0.006141
 0.042741
 0.014808
-0.159769
-0.662550
-0.746347
-0.494956
-0.474007
-0.425125
-0.383227
-0.320379
-0.348312
-0.292447
-0.271498
-0.278481
-0.299430
-0.243565
-0.348312
-0.341328
-0.606685
-0.529871
-0.620651
-0.522888
-0.543838
-0.564787
-0.606685
-0.529871
-0.746347
-0.837127
-0.809194
-0.704448
-0.704448
-0.704448
-0.697465
-0.774279
-0.753330
-0.641601
-0.446075
-0.592719
-0.683499
-0.732381
-0.536855
-0.592719
-0.788245
-1.311980
-1.200250
-1.004720
-1.123430
-1.011700
-1.039640
-1.116450
-1.158350
-1.123430
-1.053600
-1.088520
-1.109470
-1.137400
-1.095500
-1.004720
-1.158350
-1.165330
-1.172310
-1.095500
-1.088520
-1.151370
-0.969805
-1.011700
-1.067570
-1.004720
-1.067570
-1.060590
-1.060590
-0.927907
-0.962822
-0.990754
-1.256110
-1.339910
-1.332920
-1.179300
-1.242150
-1.458620
-1.381810
-1.304990
-1.549400
-1.332920
-1.528450
-1.668110
-1.591300
-1.486550
-1.689060
-1.730960
-1.661130
-1.556380
-1.298010
-1.256110
-1.465600
-1.430690
-1.388790
-1.353870
-1.109470
-1.284040
-1.360860
-1.256110
-1.451640
-1.353870
-1.325940
-1.381810
-1.940450
-2.003300
-2.045200
-2.024250
-1.996320
-1.989330
-1.968380
-1.919500
-1.807770
-1.633200
-1.465600
-1.940450
-1.765880
-1.647160
-1.556380
-1.626210
-1.263090
-1.416720
-1.318960
-1.381810
-1.395770
-1.542420
-1.395770
-1.277060
-1.158350
-1.416720
-1.353870
-1.256110
-1.263090
-0.997737
-0.941873
-0.795228
-0.599702
-0.536855
-0.446075
-0.404176
-0.460041
-0.522888
-0.501939
-0.529871
-0.453058
-0.299430
-0.208650
-0.048039
-0.110887
-0.292447
-0.376244
-0.383227
-0.501939
-0.243565
-0.320379
-0.397193
-0.474007
-0.215633
-0.041056
-0.180718
-0.020107
 0.273182
 0.259216
 0.210334
 0.126537
 0.140504
 0.384911
 0.000842
 0.014808
-0.103904
-0.075972
 0.154470
 0.133521
 0.042741
 0.189385
 0.329047
 0.245250
-0.068989
 0.182402
 0.405860
 0.496640
 0.370945
 0.133521
 0.147487
-0.006141
-0.048039
 0.077656
 0.189385
 0.391894
 0.566471
 0.664234
 0.671217
 0.699150
 0.748031
 0.831828
 0.748031
 0.517590
 0.545522
 0.845794
 0.964506
 0.957523
 1.048300
 1.048300
 1.208910
 1.111150
 0.866743
 0.999422
 0.943557
 0.922608
 0.720099
 0.824845
 0.901659
 0.734065
 0.761997
 0.720099
 0.950540
 0.957523
 0.845794
 0.608370
 0.468708
 0.671217
 0.685183
 0.622336
 0.608370
 0.817862
 0.964506
 0.950540
 1.125120
 1.125120
 0.992439
 0.859760
 0.880709
 0.915625
 1.139080
 1.069250
 1.153050
 1.306680
 1.320640
 1.250810
 1.229860
 1.222880
 0.971489
 0.957523
 0.859760
 0.468708
 0.447759
 0.657251
 0.936574
 0.978473
 1.006400
 1.174000
 1.292710
 1.488240
 1.467290
 1.327630
 1.369520
 1.278740
 1.069250
 0.908642
 0.943557
 1.118130
 1.055290
 0.992439
 1.062270
 1.146070
 1.118130
 0.810879
 0.671217
 0.971489
 1.097180
 1.208910
 1.271760
 1.201930
 1.215900
 1.167020
 1.222880
 1.236850
 1.236850
 1.306680
 1.292710
 1.153050
 1.020370
 0.999422
 1.194950
 1.362540
 1.439360
 1.334610
 1.383490
 1.404440
 1.425390
 1.523150
 1.474270
 1.509190
 1.481250
 1.460300
 1.355560
 0.971489
 0.838811
 0.999422
 0.992439
 1.160030
 1.355560
 1.299690
 1.362540
 1.215900
 1.418410
 1.327630
 1.041320
 0.901659
 0.908642
 0.992439
 1.048300
 0.943557
 0.741048
 0.957523
 0.866743
 0.943557
 0.803896
 0.587420
 0.678200
 0.859760
 0.768980
 0.755014
 0.873726
 0.922608
 0.964506
 0.915625
 0.845794
 0.796913
 0.566471
 0.664234
 0.803896
 0.852777
 0.887693
 0.866743
 0.650268
 0.475691
 0.280165
 0.259216
 0.315080
 0.398877
 0.433793
 0.377928
 0.077656
 0.126537
 0.356979
 0.475691
 0.503623
 0.175419
 0.168436
 0.189385
 0.468708
 0.405860
 0.454742
 0.308097
 0.210334
 0.252233
 0.217317
 0.161453
 0.147487
-0.034073
-0.180718
-0.110887
 0.091622
-0.055022
-0.208650
-0.529871
-0.704448
-0.634618
-0.418142
-0.313396
-0.006141
-0.048039
-0.264515
-0.187701
-0.075972
-0.215633
-0.236582
-0.159769
-0.208650
-0.299430
-0.383227
-0.376244
-0.508922
-0.467024
-0.460041
-0.341328
-0.348312
-0.306413
-0.515905
-0.543838
-0.390210
-0.809194