-1.169280
-1.183570
-1.205020
-1.226460
-1.237180
-1.240760
-1.240760
-1.230030
-1.208590
-1.190720
-1.180000
-1.176420
-1.176420
-1.180000
-1.183570
-1.197870
-1.212160
-1.215740
-1.222890
-1.226460
-1.230030
-1.230030
-1.233610
-1.233610
-1.237180
-1.237180
-1.240760
-1.240760
-1.244330
-1.244330
-1.247900
-1.247900
-1.251480
-1.258630
-1.258630
-1.262200
-1.258630
-1.258630
-1.255050
-1.251480
-1.247900
-1.247900
-1.244330
-1.244330
-1.240760
-1.240760
-1.237180
-1.237180
-1.233610
-1.233610
-1.230030
-1.226460
-1.222890
-1.222890
-1.219310
-1.215740
-1.208590
-1.197870
-1.187150
-1.140690
-1.144260
-1.147830
-1.151410
-1.151410
-1.147830
-1.147830
-1.140690
-1.122820
-1.108520
-1.104950
-1.104950
-1.112090
-1.126390
-1.144260
-1.158560
-1.162130
-1.165700
-1.165700
-1.169280
-1.169280
-1.165700
-1.162130
-1.158560
-1.154980
-1.154980
-1.158560
-1.158560
-1.162130
-1.158560
-1.158560
-1.154980
-1.158560
-1.162130
-1.165700
-1.169280
-1.169280
-1.172850
-1.172850
-1.176420
-1.176420
-1.180000
-1.183570
-1.194290
-1.212160
-1.230030
-1.237180
-1.244330
-1.247900
-1.247900
-1.240760
-1.222890
-1.205020
-1.187150
-1.183570
-1.180000
-1.180000
-1.183570
-1.190720
-1.205020
-1.222890
-1.237180
-1.251480
-1.258630
-1.258630
-1.255050
-1.255050
-1.251480
-1.251480
-1.247900
-1.247900
-1.244330
-1.244330
-1.240760
-1.237180
-1.237180
-1.233610
-1.230030
-1.226460
-1.226460
-1.222890
-1.222890
-1.219310
-1.219310
-1.215740
-1.215740
-1.212160
-1.208590
-1.205020
-1.201440
-1.201440
-1.197870
-1.194290
-1.190720
-1.183570
-1.176420
-1.154980
-1.144260
-1.147830
-1.147830
-1.133540
-1.126390
-1.119240
-1.144260
-1.140690
-1.144260
-1.144260
-1.140690
-1.140690
-1.137110
-1.137110
-1.133540
-1.137110
-1.133540
-1.133540
-1.137110
-1.137110
-1.133540
-1.133540
-1.137110
-1.137110
-1.133540
-1.137110
-1.137110
-1.140690
-1.140690
-1.144260
-1.144260
-1.147830
-1.147830
-1.151410
-1.151410
-1.154980
-1.154980
-1.158560
-1.154980
-1.154980
-1.151410
-1.151410
-1.154980
-1.154980
-1.151410
-1.151410
-1.147830
-1.144260
-1.140690
-1.140690
-1.144260
-1.151410
-1.154980
-1.154980
-1.158560
-1.158560
-1.154980
-1.151410
-1.147830
-1.140690
-1.137110
-1.137110
-1.140690
-1.144260
-1.147830
-1.147830
-1.151410
-1.151410
-1.154980
-1.154980
-1.158560
-1.154980
-1.158560
-1.158560
-1.162130
-1.162130
-1.165700
-1.165700
-1.162130
-1.158560
-1.158560
-1.140690
-1.144260
-1.144260
-1.140690
-1.140690
-1.144260
-1.144260
-1.147830
-1.147830
-1.144260
-1.144260
-1.140690
-1.140690
-1.144260
-1.147830
-1.147830
-1.151410
-1.147830
-1.147830
-1.144260
-1.144260
-1.140690
-1.144260
-1.144260
-1.140690
-1.144260
-1.140690
-1.144260
-1.144260
-1.147830
-1.147830
-1.144260
-1.147830
-1.144260
-1.147830
-1.147830
-1.144260
-1.144260
-1.147830
-1.151410
-1.151410
-1.144260
-1.144260
-1.147830
-1.147830
-1.144260
-1.144260
-1.147830
-1.144260
-1.144260
-1.147830
-1.147830
-1.144260
-1.147830
-1.147830
-1.144260
-1.147830
-1.147830
-1.144260
-1.144260
-1.140690
-1.140690
-1.137110
-1.129960
-1.133540
-1.133540
-1.137110
-1.137110
-1.140690
-1.137110
-1.137110
-1.140690
-1.137110
-1.140690
-1.137110
-1.137110
-1.129960
-1.129960
-1.133540
-1.133540
-1.129960
-1.129960
-1.133540
-1.129960
-1.133540
-1.133540
-1.115670
-1.029890
-0.969136
-0.987005
-1.033470
-1.079930
-1.115670
-1.137110
-1.137110
-1.112090
-1.087080
-1.090650
-1.019170
-1.022740
-1.022740
-1.019170
-1.019170
-1.022740
-1.019170
-1.019170
-1.015600
-1.019170
-1.012020
-1.004880
-1.004880
-1.012020
-1.015600
-1.019170
-1.015600
-1.019170
-1.019170
-1.015600
-1.015600
-1.012020
-1.012020
-1.008450
-0.997727
-0.987005
-0.979858
-0.976284
-0.976284
-0.972710
-0.972710
-0.969136
-0.961988
-0.951266
-0.940544
-0.933396
-0.933396
-0.926248
-0.915526
-0.915526
-0.908378
-0.904805
-0.904805
-0.897657
-0.894083
-0.894083
-0.908378
-0.926248
-0.933396
-0.933396
-0.915526
-0.886935
-0.872639
-0.865491
-0.861917
-0.851195
-0.833325
-0.819030
-0.811882
-0.808308
-0.808308
-0.811882
-0.808308
-0.811882
-0.808308
-0.804734
-0.801160
-0.797586
-0.783290
-0.765420
-0.758272
-0.754699
-0.751125
-0.747551
-0.747551
-0.754699
-0.754699
-0.751125
-0.747551
-0.747551
-0.736829
-0.722533
-0.711811
-0.708237
-0.704663
-0.704663
-0.701089
-0.697515
-0.697515
-0.686793
-0.676072
-0.654628
-0.636758
-0.622462
-0.597445
-0.579575
-0.565279
-0.554557
-0.543835
-0.540261
-0.540261
-0.536687
-0.529540
-0.522392
-0.508096
-0.497374
-0.490226
-0.486652
-0.483078
-0.475930
-0.472356
-0.465208
-0.458061
-0.447339
-0.429469
-0.422321
-0.372286
-0.343694
-0.336546
-0.336546
-0.332972
-0.282937
-0.150701
-0.072074
-0.057778
-0.054204
-0.039908
-0.029186
-0.022038
-0.000595
 0.045867
 0.810693
 0.807119
 0.803545
 0.807119
 0.814266
 0.821414
 0.824988
 0.821414
 0.817840
 0.821414
 0.824988
 0.824988
 0.817840
 0.817840
 0.814266
 0.824988
 0.828562
 0.824988
 0.824988
 0.832136
 0.832136
 0.835710
 0.835710
 0.842858
 0.842858
 0.839284
 0.842858
 0.842858
 0.839284
 0.832136
 0.828562
 0.824988
 0.824988
 0.817840
 0.817840
 0.814266
 0.807119
 0.807119
 0.792823
 0.782101
 0.785675
 0.782101
 0.774953
 0.771379
 0.767805
 0.764231
 0.757083
 0.749935
 0.742787
 0.746361
 0.735640
 0.732066
 0.724918
 0.717770
 0.714196
 0.710622
 0.703474
 0.699900
 0.692752
 0.685604
 0.678456
 0.671308
 0.671308
 0.664160
 0.657013
 0.649865
 0.642717
 0.635569
 0.628421
 0.624847
 0.621273
 0.617699
 0.606977
 0.596255
 0.589107
 0.585534
 0.578386
 0.571238
 0.564090
 0.564090
 0.556942
 0.549794
 0.549794
 0.542646
 0.539072
 0.499759
 0.499759
 0.517628
 0.517628
 0.514054
 0.506907
 0.503333
 0.496185
 0.489037
 0.485463
 0.481889
 0.478315
 0.474741
 0.471167
 0.464019
 0.460445
 0.453297
 0.446149
 0.446149
 0.439001
 0.431854
 0.424706
 0.421132
 0.421132
 0.417558
 0.413984
 0.424706
 0.428280
 0.424706
 0.417558
 0.406836
 0.396114
 0.388966
 0.385392
 0.385392
 0.381818
 0.381818
 0.378244
 0.371096
 0.371096
 0.374670
 0.371096
 0.367522
 0.360375
 0.360375
 0.356801
 0.353227
 0.349653
 0.349653
 0.346079
 0.342505
 0.338931
 0.335357
 0.335357
 0.328209
 0.081606
 0.081606
 0.078032
 0.074458
 0.070884
 0.070884
 0.067310
 0.063737
 0.060163
 0.060163
 0.056589
 0.056589
 0.060163
 0.056589
 0.053015
 0.049441
 0.053015
 0.049441
 0.045867
 0.045867
 0.042293
 0.038719
 0.035145
 0.035145
 0.031571
 0.031571
 0.035145
 0.038719
 0.035145
 0.035145
 0.027997
 0.024423
 0.020849
 0.020849
 0.017275
 0.017275
 0.013701
 0.017275
 0.020849
 0.020849
 0.017275
 0.013701
 0.010127
 0.006553
 0.006553
 0.002979
-0.000595
-0.000595
 0.002979
-0.000595
-0.000595
-0.004169
-0.004169
-0.007743
-0.007743
-0.014890
-0.014890
-0.018464
-0.018464
-0.022038
-0.022038
-0.025612
-0.025612
-0.022038
-0.022038
-0.025612
-0.022038
-0.025612
-0.029186
-0.032760
-0.032760
-0.029186
-0.032760
-0.032760
-0.029186
-0.029186
-0.032760
-0.032760
-0.036334
-0.032760
-0.036334
-0.039908
-0.039908
-0.043482
-0.039908
-0.047056
-0.043482
-0.032760
-0.036334
-0.039908
-0.043482
-0.039908
-0.043482
-0.039908
-0.043482
-0.043482
-0.047056
-0.047056
-0.043482
-0.043482
-0.047056
-0.047056
-0.043482
-0.039908
-0.043482
-0.050630
-0.054204
-0.054204
-0.050630
-0.054204
-0.054204
-0.182866
-0.182866
-0.186440
-0.186440
-0.190014
-0.190014
-0.193588
-0.197162
-0.197162
-0.200736
-0.200736
-0.204310
-0.204310
-0.207884
-0.207884
-0.211458
-0.211458
-0.215032
-0.218606
-0.218606
-0.222180
-0.225754
-0.225754
-0.229328
-0.229328
-0.232902
-0.232902
-0.240049
-0.240049
-0.243623
-0.243623
-0.254345
-0.268641
-0.254345
-0.240049
-0.240049
-0.243623
-0.247197
-0.254345
-0.254345
-0.257919
-0.261493
-0.261493
-0.257919
-0.261493
-0.261493
-0.265067
-0.265067
-0.268641
-0.268641
-0.272215
-0.272215
-0.275789
-0.275789
-0.272215
-0.272215
-0.279363
-0.279363
-0.282937
-0.282937
-0.286511
-0.286511
-0.282937
-0.282937
-0.286511
-0.290085
-0.293659
-0.293659
-0.297233
-0.297233
-0.304381
-0.300807
-0.300807
-0.297233
-0.300807
-0.300807
-0.304381
-0.304381
-0.307955
-0.307955
-0.311528
-0.311528
-0.315102
-0.318676
-0.322250
-0.322250
-0.318676
-0.315102
-0.311528
-0.315102
-0.311528
-0.315102
-0.315102
-0.318676
-0.318676
-0.325824
-0.329398
-0.325824
-0.325824
-0.322250
-0.322250
-0.318676
-0.318676
-0.315102
-0.318676
-0.325824
-0.325824
-0.329398
-0.329398
-0.332972
-0.322250
-0.329398
-0.329398
-0.336546
-0.336546
-0.332972
-0.332972
-0.329398
-0.336546
-0.340120
-0.340120
-0.336546
-0.336546
-0.332972
-0.336546
-0.340120
-0.343694
-0.347268
-0.347268
-0.343694
-0.340120
-0.340120
-0.343694
-0.343694
-0.340120
-0.336546
-0.336546
-0.343694
-0.347268
-0.347268
-0.350842
-0.350842
-0.354416
-0.357990
-0.357990
-0.354416
-0.354416
-0.350842
-0.350842
-0.354416
-0.350842
-0.354416
-0.357990
-0.361564
-0.361564
-0.357990
-0.354416
-0.350842
-0.354416
-0.354416
-0.357990
-0.365138
-0.365138
-0.368712
-0.368712
-0.365138
-0.361564
-0.361564
-0.365138
-0.368712
-0.368712
-0.372286
-0.379434
-0.386581
-0.386581
-0.390155
-0.390155
-0.383008
-0.379434
-0.375860
-0.379434
-0.383008
-0.379434
-0.379434
-0.383008
-0.390155
-0.386581
-0.368712
-0.354416
-0.354416
-0.357990
-0.365138
-0.372286
-0.379434
-0.383008
-0.379434
-0.379434
-0.375860
-0.375860
-0.372286
-0.375860
-0.379434
-0.383008
-0.386581
-0.390155
-0.390155
-0.383008
-0.383008
-0.386581
-0.386581
-0.390155
-0.390155
-0.397303
-0.404451
-0.404451
-0.400877
-0.404451
-0.404451
-0.397303
-0.386581
-0.383008
-0.383008
-0.386581
-0.390155
-0.375860
-0.375860
-0.379434
-0.379434
-0.383008
-0.383008
-0.379434
-0.379434
-0.383008
-0.383008
-0.386581
-0.390155
-0.393729
-0.393729
-0.397303
-0.397303
-0.393729
-0.397303
-0.393729
-0.393729
-0.397303
-0.404451
-0.408025
-0.418747
-0.429469
-0.418747
-0.404451
-0.397303
-0.397303
-0.400877
-0.404451
-0.415173
-0.415173
-0.422321
-0.418747
-0.418747
-0.422321
-0.429469
-0.429469
-0.433043
-0.433043
-0.429469
-0.425895
-0.422321
-0.422321
-0.433043
-0.440191
-0.443765
-0.440191
-0.440191
-0.436617
-0.436617
-0.433043
-0.436617
-0.440191
-0.443765
-0.443765
-0.447339
-0.447339