-1.033230
-0.790760
-0.865313
 1.356420
-0.722840
 0.263894
-1.009920
 1.782470
-1.191290
-0.533009
-1.015460
 1.175310
-0.540435
 0.066824
-1.247560
-1.179410
-0.768826
 0.594039
-1.029450
-0.569305
-0.806437
 1.219970
-0.806730
-0.061108
-1.113640
-1.320560
-0.795960
 0.499199
-0.975397
 1.596660
-1.305930
-1.260810
-1.064830
-0.597723
-1.011110
 1.300200
-0.774081
-0.222418
-0.617622
 0.642994
-0.981334
 1.620960
-0.850830
 0.074640
-1.257000
-1.266520
-0.668660
 0.507230
-1.068330
 1.717010
-0.963299
-0.646893
-0.959646
 1.257570
-1.128800
-0.450935
-0.744611
 1.416510
-0.954741
-0.078176
-1.146710
-0.713179
-0.435550
 0.869551
-0.989326
 1.612850
-0.956139
 1.913960
-1.190300
-0.683558
-1.074650
 1.479520
-0.482755
 0.004847
-0.834101
-1.103010
-0.813962
 0.714940
-0.812137
 0.689596
-1.039410
 1.601820
-1.323790
-1.124980
-1.077050
-0.716839
-0.912070
 1.167000
-0.847493
-0.090255
-1.193620
-1.191070
-0.651270
 0.699674
-0.966519
 1.864630
-1.163660
-0.557996
-1.091350
 1.571180