-0.452909
-0.250485
-0.317960
-0.576613
-0.801530
-0.891496
-0.913988
-0.947725
-0.981463
-1.026450
-1.138900
-1.172640
-1.071430
-0.756546
-1.228870
-0.767792
-0.790284
-1.037690
-0.194256
-0.272976
 0.109381
-0.486647
-0.970217
-0.599105
-0.486647
-0.250485
-0.295468
-0.565368
-0.767792
-0.722809
-0.902742
-0.902742
-0.936479
-0.869005
-0.913988
-1.251360
-1.015200
-0.913988
-0.824021
-0.913988
-0.857759
-0.374189
 0.300560
-0.554122
-0.869005
-0.925234
-0.981463
-0.644088
-0.407926
-0.126781
-0.329205
-0.689071
-0.779038
-0.846513
-0.913988
-0.936479
-0.902742
-0.891496
-1.015200
-1.138900
-1.003950
-0.666580
-0.745301
-0.599105
-0.576613
-0.857759
-0.745301
-0.846513
-0.846513
-0.677826
-0.576613
-0.565368
 0.199348
 0.649180
 0.064398
-0.261731
-0.542876
-0.756546
-0.745301
-0.812775
-0.835267
-0.857759
-1.082670
-1.183890
-0.902742
-0.486647
-0.520384
-0.610351
-0.509138
-0.632842
-0.576613
-0.554122
-0.655334
-0.284222
-0.374189
-0.374189
-0.014323
 0.289314
-0.070552
-0.194256