 6.800770e-06
 7.613890e-06
 8.459500e-06
 9.329050e-06
 1.021400e-05
 1.110570e-05
 1.199560e-05
 1.287530e-05
 1.373600e-05
 1.456930e-05
 1.536260e-05
 1.608810e-05
 1.671370e-05
 1.720760e-05
 1.753790e-05
 1.767260e-05
 1.758000e-05
 1.722800e-05
 1.658470e-05
 1.561840e-05
 1.429280e-05
 1.255520e-05
 1.034880e-05
 7.616460e-06
 4.301340e-06
 3.464680e-07
-4.305090e-06
-9.710270e-06
-1.592600e-05
-2.300930e-05
-3.101090e-05
-3.995700e-05
-4.986790e-05
-6.076350e-05
-7.266410e-05
-8.558970e-05
-9.956040e-05
-1.145960e-04
-1.307180e-04
-1.479450e-04
-1.662580e-04
-1.854800e-04
-2.053940e-04
-2.257840e-04
-2.464320e-04
-2.671220e-04
-2.876380e-04
-3.077620e-04
-3.272780e-04
-3.459700e-04
-3.635270e-04
-3.792720e-04
-3.924320e-04
-4.022370e-04
-4.079160e-04
-4.086980e-04
-4.038100e-04
-3.924830e-04
-3.739440e-04
-3.474230e-04
-3.120550e-04
-2.666070e-04
-2.097510e-04
-1.401600e-04
-5.650640e-05
 4.253620e-05
 1.582950e-04
 2.920980e-04
 4.452710e-04
 6.191420e-04
 8.148730e-04
 1.032970e-03
 1.273770e-03
 1.537620e-03
 1.824860e-03
 2.135820e-03
 2.470850e-03
 2.830290e-03
 3.214470e-03
 3.623750e-03
 4.057480e-03
 4.511170e-03
 4.979330e-03
 5.456500e-03
 5.937180e-03
 6.415910e-03
 6.887210e-03
 7.345590e-03
 7.785600e-03
 8.201740e-03
 8.589620e-03
 8.949160e-03
 9.281380e-03
 9.587260e-03
 9.867830e-03
 1.012410e-02
 1.035700e-02
 1.056760e-02
 1.075700e-02
 1.092600e-02