 0.428531
 0.614308
 0.866434
 0.919512
 0.972591
 0.747006
 0.866434
 0.813354
 0.667386
 0.587768
 0.455071
 0.494880
 0.614308
 0.547958
 0.547958
 0.494880
 0.468340
 0.401991
 0.282564
 0.508149
 0.455071
 0.415262
 0.295834
 0.468340
 0.627577
 0.693926
 0.800084
 1.025670
 1.291070
 1.251260
 1.198180
 0.959321
 0.866434
 0.733736
 0.747006
 0.946052
 0.906243
 0.853164
 0.654117
 0.455071
 0.428531
 0.362182
 0.375452
 0.547958
 0.216215
 0.189675
 0.096787
 0.216215
 0.269294
 0.136596
 0.149866
 0.043708
 0.043708
 0.043708
 0.083517
 0.056978
 0.003899
-0.035911
-0.075720
-0.181878
-0.248227
-0.221688
-0.261497
-0.234957
-0.314575
-0.261497
-0.354385
-0.473812
-0.420734
-0.380925
-0.407464
-0.380925
-0.181878
-0.088990
 0.096787
-0.102260
-0.035911
 0.110057
 0.070248
 0.096787
 0.083517
 0.017168
-0.142069
-0.221688
-0.288036
-0.234957
-0.341116
-0.354385
-0.434003
-0.473812
-0.500353
-0.460543
-0.579971
-0.633049
-0.699399
-0.434003
-0.155338
 0.003899
 0.096787
 0.176406