-0.120438
-0.467282
-0.756318
-0.712963
-0.626252
 0.168598
 0.602152
 1.368100
 1.902810
 1.859460
 1.266940
 0.298664
-0.279408
-0.857481
-0.871933
-0.756318
-0.279408
-0.120438
 0.818929
 1.454810
 1.830560
 1.917270
 1.353650
 0.154146
-0.438378
-1.103160
-1.045350
-0.626252
-0.481734
 0.052983
 0.876736
 1.555970
 1.859460
 2.003980
 1.107970
 0.154146
-0.236053
-0.539541
-0.770770
-0.843029
-0.366119
 0.313116
 0.790025
 1.469260
 2.047330
 1.873910
 1.527070
 0.688863
-0.481734
-0.900836
-0.900836
-0.814125
-0.655155
-0.496186
-0.553993
-0.236053
 0.081887
 0.110790
-0.019276
-0.438378
-0.684059
-0.987547
-0.886384
-0.684059
-0.741866
-0.626252
-0.539541
-0.322764
-0.062631
 0.081887
-0.062631
-0.395023
-0.727414
-0.871933
-0.944192
-0.611800
-0.395023
-0.409475
-0.134890
-0.178246
 0.052983
 0.024080
-0.077083
-0.264957
-0.669607
-0.900836
-0.814125
-0.684059
-0.496186
-0.582896
-0.351667
-0.163794
-0.091535
-0.019276
-0.077083
-0.279408
-0.611800
-0.871933
-0.900836
-0.770770
-0.510637
-0.611800
-0.366119
-0.322764
-0.163794
 0.183049
-0.091535
-0.279408
-0.799673
-0.799673
-0.727414
-0.510637
-0.510637
-0.582896
-0.438378
-0.250505
 0.038531
-0.033728
-0.004824
-0.308312
-0.452830
-0.741866
-0.814125
-0.510637
-0.669607
-0.496186
-0.409475
-0.178246
 0.110790
 0.211953
-0.062631
-0.264957
-0.597348
-0.741866
-0.756318
-0.814125
-0.626252
-0.611800
-0.134890
-0.120438
 0.110790
 0.414278
 0.139694
-0.322764
-0.467282
-0.843029
-0.741866
-0.712963
-0.553993
-0.640704
-0.351667
-0.120438
 0.096339
 0.168598
 0.154146
-0.409475
-0.684059
-0.973095
-0.900836
-0.712963
-0.741866
-0.669607
-0.452830
-0.293860
-0.004824
 0.009628
-0.105987
-0.366119
-0.611800
-0.958643
-0.770770
-0.582896
-0.669607
-0.438378
-0.322764
-0.163794
-0.207149
-0.077083
-0.019276
-0.308312
-0.481734
-0.611800
-0.944192
-0.828577
-0.568445
-0.712963
-0.380571
-0.236053
 0.038531
 0.298664
 0.009628
-0.221601
-0.539541
-0.785222
-0.857481
-0.741866
-0.655155
-0.496186
-0.438378
-0.134890
 0.009628
-0.062631
-0.048179
-0.322764
-0.525089
-0.785222
-1.132070
-1.074260
-0.958643
-0.785222
-0.799673
-0.568445
-0.105987
-0.019276
-0.293860
-0.684059
-0.886384
-1.262130
-1.059810
-0.915288
-1.074260
-0.929740
-0.799673
-0.640704
-0.322764
-0.077083
-0.250505
-0.510637
-0.958643
-1.016450
-1.132070
-0.886384
-0.756318
-0.712963
-0.438378
-0.525089
-0.091535
-0.048179
-0.337216
-0.525089
-0.929740
-1.103160
-1.016450
-0.886384
-0.828577
-0.843029
-0.626252
-0.467282
-0.192698
-0.105987