2.11994
2.03658
2.02142
1.88501
1.91280
1.96080
1.97595
1.92543
1.99364
2.00122
2.01890
2.02648
2.01132
1.96585
1.93806
1.95069
1.84460
1.96080
1.96332
1.94817
1.93301
1.91280
1.85217
1.87238
1.90017
1.92038
1.93048
1.92038
1.89512
1.89764
1.88501
1.85975
1.86733
1.76881
1.72081
1.73850
1.71829
1.73850
1.70061
1.72587
1.71324
1.64503
1.60714
7.47282
7.64460
7.67239
7.64460
7.63955
7.82901
7.71786
7.57387
7.64460
7.89721
7.82395
7.83658
7.73806
7.69007
7.81385
7.82395
7.86185
7.85679
7.89216
7.80122
7.86437
7.71533
7.95279
7.73554
7.63955
7.62944
7.66986
7.64712
7.65723
7.84164
7.91489
7.95026
8.00836
7.91489
7.72796
7.66986
7.64965
7.67996
7.83658
7.92752
7.81132
7.84921
7.59408
7.69007
7.68754
7.64712
7.71533
7.73049
7.74817
7.82395
7.84921
7.70270
7.51829
7.55366
7.64207
7.65470
7.68754
7.54355
7.50566
7.44756
7.41725
7.32631
7.40209
7.44756
7.45514
7.34651
7.36925
7.35157
7.46777
7.27073
7.14442
7.27326
7.29852
7.41725
7.36420
7.10401
7.08632
7.08380
7.12674
7.08380
6.91202
6.83371
6.83876
6.85392
6.74782
6.87918
6.82613
6.79329
6.79834
6.66193
6.65941
6.65688
6.61141
6.68467
6.78319
6.73519
6.69225
6.74277
6.75287
6.79582
6.83371
6.90191
6.77813
6.77308
6.79582
6.93475
7.07369
6.82360
6.89939
7.07117
6.99791
7.01812
7.03580
7.16968
7.09643
7.01054
7.13685
7.25052
7.37178
7.34904
7.30862
7.28841
7.34651
7.32378
7.49808
7.48293
7.32883
7.43745
7.51829
7.72038
7.78101
7.60923
7.58650
7.66481
7.51324
7.48293
7.54608
7.52082
7.52082
7.52334
7.50313
7.55113
6.63667
6.69477
6.71751
6.57857
6.60130
6.57352
6.47500
6.39164
6.47500
6.51036
6.51036
6.69982
6.56847
6.62151
6.65688
6.66446
6.68972
6.62404
6.72509
6.70235
6.81350
6.77813
6.89181
6.68719
6.76045
6.94739
6.83876
6.69982
6.66193
6.81855
6.83624
6.89939
7.05348
6.89181
6.70740
6.64425
6.91455
6.69477
6.72256
6.73266
6.69982
6.76803
6.52552
6.58362
6.59373
6.34111
6.43711
6.19712
6.11881
6.13902
5.95967
5.99756
6.11881
6.06576
5.93188
5.86367
5.74747
5.80557
5.79547
5.67674
5.64643
5.57822
5.44686
5.53780
5.40644