 0.015562
-0.194154
-0.116259
-0.086300
-0.134235
-0.056340
-0.086300
 0.363091
 0.620741
 0.740579
 0.830457
 0.860416
 0.842441
 0.788514
 0.818473
 0.932319
 0.740579
 0.464953
 0.524872
 0.045521
-0.236097
-0.937146
-1.590260
-2.171470
-1.650180
-2.057620
-1.871880
-1.901840
-1.644180
-1.692120
-1.554310
-1.458440
-0.985081
-0.397877
-0.475772
-0.236097
 0.063497
-0.068324
 0.021554
 0.033537
 0.279205
 0.494912
 0.423010
 0.566815
 0.614750
 0.614750
 0.399042
 0.195318
-0.212129
-0.367917
-0.385893
-0.655527
-0.367917
 0.027546
 0.171351
 0.243254
 0.351107
 0.776530
 0.794506
 0.662684
 0.920335
 0.992233
 1.028180
 1.052160
 1.094100
 0.578798
 0.500904
 0.411026
 0.632725
 0.758554
 0.572807
 0.357099
 0.039530
-0.493747
-0.721439
-0.487755
-0.463788
-0.182170
 0.165359
 0.417017
 0.596774
 0.674668
 0.776530
 0.782522
 0.866408
 0.896368
 0.860416
 0.854425
 0.734587
 0.746570
 0.866408
 0.734587
 0.590782
 0.411026
 0.464953
 0.327140
 0.333131
 0.512888
 0.560822
 0.387059
 0.638717
 0.584791
 0.524872
 0.842441
 0.914344
 0.968269
 0.968269
 0.986244
 1.004220
 1.070130
 1.046160
 1.070130
 1.088110
 1.088110
 1.148030
 0.950293
 0.686653
 0.620741
 0.063497
 0.081473
-0.092291
 0.369083
-0.967105
-1.266700
-1.200790
-1.530340
-1.134870
-0.811316
-0.200145
 0.285197
 0.111432
 0.482929
 0.512888
 0.728596
 0.830457
 0.830457
 0.932319
 0.764546
 0.399042
 0.027546
-0.457796
-0.535690
-0.385893
 0.189326
 0.153375
 0.375074
-0.182170
-0.116259
 0.141392
-0.098283
 0.387059
 0.614750
 0.776530
 0.057506
 0.309164
 0.045521
 0.668677
 0.824465
 0.920335
 0.944304
 0.878392
 0.914344
 0.704627
 0.381067
 0.063497
-0.595608
-1.027020
-1.128880
-1.248730
-1.392530
-1.686130
-1.710100
-1.614230
-1.062970
-0.571641
-0.373910
-0.367917
 0.069489
-0.080308
 0.788514
 0.417017
 0.776530
 0.872400
 0.836449
 0.776530
 0.704627
 0.818473
 0.189326
-0.595608
-0.913178
-0.973097
-1.212770
-1.590260
-1.650180
-1.895840
-1.907830
-2.944420
-2.878510
-2.824580
-2.776650
-2.764670
-2.722730
-2.722730
-2.710740
-2.680780
-2.650820
-2.680780
-2.662800
-2.632850
-2.519000
-2.141510
-2.171470
-2.261350
-1.380540
-1.500390
-1.626210
-2.542970
-1.704110
-1.584270
-1.662160
-1.758030
-2.327260
-2.225390
-1.710100
-1.656170
-1.050990
-0.224113
-0.086300
 0.488920
 0.375074
 0.770539
 0.776530
 0.812482
 0.824465
-2.045650
-2.297300
-2.758680
-2.872520
-2.884510
-2.878510
-2.902480
-2.908470
-2.950410
-2.902480
-2.938440
-2.848560
-2.848560
-2.800620
-2.806610
-2.716730