-0.247045
 0.074875
 0.124401
 0.173928
 0.215199
 0.372032
 0.330761
 0.446322
 0.314252
 0.215199
 0.751733
 0.198691
 0.066621
-0.123229
-0.139738
 0.380287
 0.875548
 0.867294
 0.140910
 0.140910
 0.537120
 0.627918
 0.570137
 0.396795
 0.429813
 0.264726
 0.520611
 0.578391
 0.479339
 0.586646
 0.355524
 0.512357
 0.793005
 0.908566
 0.875548
 0.685698
 0.801259
 0.801259
 1.007620
 0.693952
 0.776496
 0.908566
 0.908566
 0.958092
 0.933329
 0.834277
 1.024130
 0.883803
 0.982855
 0.933329
 1.032380
 0.958092
 0.793005
 0.974601
 0.743479
 0.759987
 0.933329
 1.147940
 1.172710
 1.180960
 1.362560
 1.288270
 0.958092
 0.933329
 0.916820
 0.652681
 0.726970
 0.850785
 1.032380
 1.114920
 1.139690
 1.065400
 1.114920
 1.073650
 0.826022
 0.941583
 1.090160
 1.238740
 1.337790
 1.123180
 1.057140
 1.106670
 1.007620
 0.974601
 1.172710
 1.081910
 1.230490
 1.486370
 1.535900
 1.585420
 1.114920
 0.867294
 0.768242
 1.156200
 1.230490
 1.255250
 0.941583
 0.652681
 0.916820
 1.139690
 0.883803
 1.123180
 1.246990
 1.238740
 1.238740
 1.189210
 1.445100
 1.387320
 1.387320
 1.313030
 0.999364
 0.933329
 1.098420
 0.850785
 0.735224
 0.958092
 1.057140
 1.321280
 1.403830
 1.370810
 1.230490
 1.436850
 1.321280
 1.436850
 1.445100
 1.717490
 1.478120
 1.453350
 1.337790
 1.065400
 1.131430
 0.949838
 0.817768
 0.768242
 0.693952
 0.718716
 0.652681
 0.611409
 0.735224
 0.702207
 0.892057
 0.784750
 0.652681
 0.677444
 0.372032
 0.322506
 0.471085
 0.636172
 0.685698
 0.339015
 0.008840
 0.132656
 0.520611
 0.685698
 1.065400
 1.098420
 1.040640
 0.801259
 0.594900
 0.322506
 0.438067
 0.289489
 0.471085
 0.669189
 0.471085
 0.735224
 0.652681
 0.743479
 0.710461
 0.603155
 0.462830
 0.677444
 0.660935
 0.710461
 0.718716
 0.726970
 0.652681
 0.074875
-0.247045
-0.263554
-0.329588
-0.304825
-0.329588
-0.222282
-0.181010
-0.032431
-0.106721
-0.147992
-0.007668
-0.007668
-0.007668
 0.231708
 0.066621
 0.124401
 0.132656
 0.223454
 0.388541
 0.256471
 0.305997
 0.182182
 0.330761
 0.264726
-0.313080
-0.412132
-0.511184
-0.750561
-0.841359
-0.560711
-0.668017
-0.494676
-0.519439
-0.403878
-0.205773
-0.412132
-0.147992
-0.453404
-0.593728
-0.676272
-0.635000
-0.535947
-0.362606
-0.403878
-0.469913
-0.544202
-0.420386
-0.379115
-0.321334
-0.395623
-0.469913
-0.519439
-0.709289
-0.816596
-0.783578
-0.742307
-0.651509
-0.684526
-0.717543
-0.874376
-0.676272
-0.725798
-0.808341
-0.791833
-0.791833
-1.014700
-1.295350
-1.262330
-1.130260
-1.064230
-0.890885
-0.866122