1.143980
1.170430
1.183650
1.196870
1.210090
1.223320
1.236540
1.236540
1.236540
1.223320
1.210090
1.196870
1.183650
1.170430
1.157200
1.143980
1.130770
1.117540
1.104320
1.091100
1.077880
1.077880
1.091100
1.117540
1.143980
1.196870
1.236540
1.276200
1.315870
1.342320
1.355530
1.355530
1.342320
1.329090
1.315870
1.302640
1.276200
1.262980
1.249760
1.236540
1.210090
1.196870
1.183650
1.170430
1.157200
1.157200
1.143980
1.157200
1.170430
1.183650
1.196870
1.223320
1.236540
1.262980
1.262980
1.262980
1.249760
1.223320
1.196870
1.183650
1.157200
1.130770
1.117540
1.091100
1.077880
1.051430
1.024990
1.011770
0.998546
0.985323
0.998546
1.011770
1.038210
1.064650
1.104320
1.130770
1.170430
1.183650
1.183650
1.170430
1.157200
1.143980
1.117540
1.104320
1.077880
1.064650
1.038210
1.011770
0.985323
0.972102
0.958881
0.945658
0.945658
0.932437
0.919215
0.919215
0.919215
0.932437
0.958881
0.972102
0.985323
0.998546
0.998546
0.998546
0.998546
0.985323
0.972102
0.972102
0.958881
0.945658
0.945658
0.945658
0.932437
0.932437
0.932437
0.919215
0.919215
0.919215
0.919215
0.932437
0.972102
0.998546
1.024990
1.064650
1.104320
1.130770
1.143980
1.143980
1.143980
1.130770
1.117540
1.117540
1.104320
1.077880
1.064650
1.064650
1.051430
1.038210
1.038210
1.024990
1.011770
1.011770
1.011770
1.024990
1.051430
1.077880
1.117540
1.157200
1.183650
1.210090
1.210090
1.210090
1.196870
1.183650
1.170430
1.130770
1.117540
1.091100
1.064650
1.038210
1.011770
0.998546
0.985323
0.958881
0.945658
0.945658
0.945658
0.958881
0.998546
1.038210
1.077880
1.117540
1.157200
1.183650
1.183650
1.196870
1.183650
1.170430
1.170430
1.157200
1.143980
1.130770
1.130770
1.117540
1.104320
1.104320
1.091100
1.077880
1.077880
1.064650
1.064650
1.064650
1.064650
1.064650
1.064650
1.064650
1.064650
1.064650
1.064650
1.064650
1.051430
1.051430
1.038210
1.038210
1.024990
1.011770
0.998546
0.998546
0.985323
0.985323
0.972102
0.972102
0.958881
0.958881
0.958881
0.972102
0.998546
1.024990
1.051430
1.091100
1.117540
1.143980
1.157200
1.157200
1.157200
1.157200
1.143980
1.130770
1.117540
1.104320
1.091100
1.077880
1.077880
1.064650
1.051430
1.038210
1.038210
1.024990
1.024990
1.038210
1.051430
1.077880
1.104320
1.130770
1.157200
1.170430
1.183650
1.196870
1.183650
1.183650