0.495457
0.495454
0.495416
0.495317
0.495122
0.494800
0.494316
0.493637
0.492731
0.491564
0.490102
0.488313
0.486165
0.483629
0.480680
0.477289
0.473432
0.469080
0.464208
0.458788
0.452794
0.446200
0.438988
0.431184
0.422823
0.413940
0.404569
0.394747
0.384508
0.373887
0.362919
0.351640
0.340081
0.328260
0.316193
0.303895
0.291381
0.278665
0.265763
0.252689
0.239460
0.226090
0.212605
0.199078
0.185592
0.172231
0.159080
0.146221
0.133739
0.121717
0.110239
0.099389
0.089235
0.079782
0.071020
0.062938
0.055527
0.048776
0.042675
0.037213
0.032380
0.028167
0.024563
0.021565
0.019170
0.017376
0.016180
0.015579
0.015571
0.016153
0.017323
0.019077
0.021418
0.024370
0.027958
0.032212
0.037159
0.042826
0.049241
0.056432
0.064426
0.073252
0.082911
0.093307
0.104319
0.115824
0.127700
0.139827
0.152081
0.164341
0.176486
0.188393
0.199963
0.211187
0.222077
0.232645
0.242905
0.252868
0.262548
0.271958
0.281109
0.290015
0.298689
0.307154
0.315431
0.323545
0.331518
0.339373
0.347133
0.354821
0.362461
0.370074
0.377672
0.385213
0.392644
0.399912
0.406963
0.413743
0.420200
0.426278
0.431926
0.437089
0.441722
0.445810
0.449345
0.452321
0.454731
0.456567
0.457822
0.458490
0.458563
0.458034
0.456897
0.455155
0.452810
0.449865
0.446324
0.442189
0.437464
0.432151
0.426255
0.419777
0.412724
0.405108
0.396944
0.388247
0.379033
0.369316
0.359111
0.348434
0.337300
0.325723
0.313725
0.301353
0.288661
0.275702
0.262530
0.249198
0.235760
0.222269
0.208779
0.195342
0.182015
0.168858
0.155933
0.143302
0.131028
0.119172
0.107797
0.096965
0.086739
0.077179
0.068337
0.060205
0.052766
0.046001
0.039892
0.034420
0.029566
0.025313
0.021642
0.018534
0.015975
0.013964
0.012506
0.011605
0.011263
0.011486
0.012277
0.013639
0.015577
0.018096
0.021200
0.024914
0.029261
0.034267
0.039957
0.046356
0.053490
0.061382
0.070059
0.079545
0.089841
0.100844
0.112429
0.124468
0.136836
0.149404
0.162046
0.174637
0.187048
0.199153
0.210852
0.222146
0.233062
0.243628
0.253871
0.263818
0.273497
0.282936
0.292161
0.301200
0.310078
0.318810
0.327409
0.335887
0.344256
0.352530
0.360721
0.368842
0.376904
0.384921
0.392896
0.400795
0.408572
0.416184
0.423586
0.430734
0.437585
0.444094
0.450216
0.455908
0.461136
0.465913
0.470261
0.474205
0.477768
0.480972
0.483841
0.486399
0.488669
0.490674
0.492432
0.493948
0.495219
0.496243
0.497020
0.497546
0.497821
0.497843
0.497611
0.497122
0.496368
0.495315
0.493918
0.492137
0.489928
0.487250
0.484060
0.480315
0.475973
0.470993
0.465340
0.459019
0.452042
0.444423
0.436174
0.427309
0.417840
0.407782
0.397145
0.385945
0.374196
0.361926
0.349165
0.335945
0.322295
0.308245
0.293827
0.279070
0.264005
0.248662
0.233088
0.217388
0.201686
0.186103
0.170761
0.155783
0.141290
0.127405
0.114251
0.101948
0.090598
0.080218
0.070800
0.062340
0.054833
0.048272
0.042653
0.037969
0.034215
0.031386
0.029476
0.028477
0.028382
0.029183
0.030872
0.033442
0.036884
0.041191
0.046355
0.052369
0.059214
0.066828
0.075140
0.084079
0.093571
0.103546
0.113931
0.124654
0.135645
0.146829
0.158140
0.169515
0.180900
0.192235
0.203464
0.214530
0.225376
0.235944
0.246176
0.256017
0.265423
0.274414
0.283023
0.291283
0.299228
0.306892
0.314308
0.321510
0.328532
0.335408
0.342165
0.348811
0.355350
0.361783
0.368112
0.374341
0.380472
0.386507
0.392448
0.398299
0.404056
0.409689
0.415163
0.420445
0.425499
0.430290
0.434783
0.438944
0.442737
0.446128
0.449085
0.451595
0.453647
0.455230
0.456335
0.456950
0.457066
0.456672
0.455759
0.454314
0.452331
0.449813
0.446766
0.443194
0.439104
0.434500
0.429390
0.423777
0.417668
0.411069
0.403987
0.396434
0.388427
0.379981
0.371110
0.361831
0.352158
0.342106
0.331691
0.320928
0.309835
0.298437
0.286762
0.274838
0.262694
0.250357
0.237856
0.225218
0.212471
0.199644
0.186773
0.173931
0.161200
0.148662
0.136397
0.124488
0.113015
0.102062
0.091709
0.082037
0.073113
0.064931
0.057471
0.050713
0.044637
0.039221
0.034445
0.030288
0.026730
0.023751
0.021333
0.019477
0.018186
0.017464
0.017316
0.017745
0.018754
0.020349
0.022532
0.025308
0.028683
0.032672
0.037292
0.042561
0.048497
0.055117
0.062439
0.070481
0.079258
0.088790
0.099071
0.110001
0.121459
0.133323
0.145471
0.157780
0.170128
0.182395
0.194456
0.206191
0.217504
0.228402
0.238917
0.249085
0.258937
0.268508
0.277831
0.286940
0.295867
0.304646
0.313305
0.321847
0.330268
0.338565
0.346736
0.354777
0.362685
0.370457
0.378090
0.385581
0.392921
0.400079
0.407017
0.413697
0.420082
0.426135
0.431818
0.437093
0.441924
0.446273
0.450107
0.453411
0.456175
0.458391
0.460047
0.461135
0.461643
0.461563