 1.050060
 2.048360
 1.523830
 1.202350
 0.813177
 0.119441
-0.574295
-1.166510
-1.386470
-1.437230
-1.572600
-1.606440
-1.217270
-0.269728
 0.627052
 1.439230
 1.168500
 0.745495
 0.034839
-0.405091
-0.574295
-0.608135
-0.658897
-0.641976
-0.252807
 0.254804
 0.813177
 0.153282
-0.337409
-0.709658
-0.845021
-1.132670
-1.301870
-1.369550
-1.403390
-1.657200
-1.403390
-1.217270
-0.354330
 0.407087
 0.610132
 0.914699
-0.100524
-0.235887
-0.049763
-0.794260
-0.608135
-0.320489
 0.339406
 0.948540
 0.897779
 0.474769
-0.354330
-0.963463
-1.166510
-1.369550
-1.403390
-1.504920
-1.234190
-1.081910
-0.608135
-0.438932
 0.204043
 0.440928
 1.050060
 0.136361
 0.017919
 0.322486
 0.204043
 0.153282
 0.170202
 0.474769
 0.660893
 0.542451
 1.405390
 0.779336
-0.405091
-0.743498
-1.200350
-1.352630
-1.504920
-1.386470
-1.352630
-1.335710
-0.625056
-0.049763
 0.204043
 0.220963
 0.643973
 0.153282
-0.235887
-0.083603
 0.051759
 0.102521
 0.491689
 0.880858
 1.151580
 1.591510
 1.303870
 0.914699
 0.187122
-0.726578
-1.234190
-1.369550
-1.386470
-1.352630
-1.284950
-1.081910
-0.523534
-0.100524
 0.407087
 0.407087
 0.931619
 0.237884
 0.068680
-0.100524
 0.254804
 0.457849
 0.034839
-0.151285
 0.914699
 0.863938
 1.456150
 1.168500
 0.305565
-0.506613
-1.048070
-1.369550
-1.352630
-1.504920
-1.234190
-1.369550
-0.658897
-0.117444
 0.136361
 0.085600
 0.339406
 0.034839
 0.220963
 0.610132
 0.457849
 0.593212
 0.542451
 1.033140
 0.863938
 1.168500
 1.219270
 1.083900
 0.288645
-0.625056
-1.031140
-1.115750
-1.098830
-1.369550
-1.386470
-1.386470
-1.132670
-0.405091
 0.220963
 0.254804
 1.202350
 1.523830
 0.779336
 0.491689
 0.525530
 0.356326
 0.711654
 0.711654
 0.863938
 0.914699
 0.677814
 0.542451
 0.237884
-0.320489
-1.031140
-1.149590
-1.251110
-1.251110
-1.454150
-1.606440
-1.538760
-0.828100
 0.051759
 0.390167
 1.642280
 0.897779
 0.204043
-0.168206
-0.286648
-0.354330
-0.574295
-0.658897
-0.134365
 0.627052
 0.948540
 0.576291
-0.083603
-0.828100
-1.081910
-1.268030
-1.369550
-1.471070
-1.318790
-1.234190
-0.455852
-0.066683
-0.015922
 0.237884
 0.424008
 0.034839
-0.100524
-0.286648
-0.371250
-0.015922
 0.136361
-0.320489
 0.305565
 0.880858
 1.439230
 0.660893
-0.320489
-0.861941
-1.098830
-1.301870
-1.335710
-1.437230
-1.301870
-1.437230
-0.472772
 0.102521
-0.083603
 0.187122
 0.914699
 0.660893
-0.049763
-0.185126
 0.407087
 0.474769
 0.491689
 0.863938
 1.236190
 1.676120
 1.709960
 1.253110
 0.085600
-0.709658
-1.335710
-1.318790
-1.369550
-1.369550
-1.200350
-1.268030
-0.117444
 0.034839
-0.168206
 0.322486
 0.779336
 0.254804
-0.235887
 0.559371
 0.745495
 0.694734
 1.033140
 1.151580
 2.336010
 1.946840
 1.980680
 0.965460
 0.102521
-0.709658
-1.149590
-1.437230
-1.352630
-1.386470
-1.268030
-1.200350
-0.405091
-0.303569
-0.151285
 0.593212
 0.694734
 0.508610
-0.134365
 0.373247
 0.051759
 0.220963
 0.356326
 0.271724
 0.779336
 0.948540
 1.354630
 1.134660
 0.102521
-0.692737
-1.132670
-1.352630
-1.386470
-1.234190
-1.352630
-1.098830
 0.085600
 0.339406
 0.305565
 0.271724
 0.779336
 0.237884
 0.068680
 0.187122
 0.153282
 0.559371
 0.170202
 0.204043
 0.965460
 1.050060
 1.354630
 1.134660
 0.187122
-0.185126
-0.658897
-0.929623
-0.980384
-1.132670
-1.234190
-1.538760
-1.166510
-0.422011
 0.491689
 0.813177
 0.982380
 0.931619
 0.627052
 0.407087
 0.643973
 0.204043
 0.999301
 0.965460
 1.506910
 1.016220
 1.371550
 1.439230
 0.762415
-0.218967
-0.794260
-1.149590
-1.166510
-1.318790
-1.369550
-1.538760
-1.657200
-1.268030
-0.134365
 0.305565
 1.929920
 1.506910
 0.610132
 0.339406
-0.354330
-0.422011
-0.049763
-0.168206
 0.153282
 0.779336
 1.354630
 0.491689
-0.252807
-0.608135
-1.098830
-1.352630
-1.488000
-1.318790
-1.352630
-1.386470
-0.422011
 0.237884
 0.153282
-0.117444
 0.407087
 0.474769
 0.017919
 0.170202
-0.235887
 0.407087
 0.593212
 0.576291
 1.066980
 1.270030
 1.371550
 0.796256
-0.202046
-0.641976
-1.115750
-1.386470
-1.420310
-1.386470
-1.403390
-1.606440
-0.743498
-0.320489
-0.455852
 0.017919
 0.457849
 0.288645
-0.422011
-0.066683
-0.032842
-0.117444
 0.491689
 0.000998
 0.322486
 0.948540
 1.270030
 0.762415
-0.100524
-0.692737
-0.929623
-1.014220
-1.048070
-1.284950
-1.386470
-1.741800
-1.454150
-1.166510
-0.506613
 0.288645
 1.371550
 1.202350
 0.525530
-0.320489
-0.185126
 0.136361
 0.153282
 0.220963
 1.050060
 0.880858
 0.999301
 0.440928
-0.117444
-0.574295
-1.149590
-1.386470
-1.301870
-1.437230
-1.234190
-1.284950
-0.455852
-0.303569
 0.051759
 0.322486
 0.508610
 0.271724
-0.202046
 0.068680
 0.034839
 0.559371
-0.235887
 0.068680
 0.525530
 0.745495
 1.405390
 0.897779
 0.102521
-0.861941
-1.081910
-1.335710
-1.420310
-1.521840
-1.403390
-1.606440
-0.252807
 0.068680
-0.032842
 0.305565
 0.779336
-0.185126
-0.252807
 0.051759
 0.102521
-0.218967
-0.202046
 0.085600
 0.288645
 0.424008
 0.779336
 0.796256
 0.305565
-0.438932
-0.828100
-1.115750
-1.335710
-1.217270
-1.251110
-1.606440
-1.149590
-0.371250
 0.220963
 0.424008
 0.830097
 0.796256
-0.185126
-0.100524