-1.304200
-1.219350
-0.671722
-0.910829
-0.995674
-0.872263
-0.664009
-1.481600
-1.959820
-2.191210
-1.828690
-1.288770
-0.949395
-1.011100
-0.933968
-1.180790
-1.535590
-1.597300
-1.959820
-2.191210
-1.628150
-1.589590
-1.234780
-1.188500
-1.605010
-1.728420
-1.335050
-1.350480
-0.787419
-0.332344
-0.077810
-0.193507
-0.309204
-0.201220
-0.525172
-0.949395
-0.818271
-0.494320
-0.070097
-0.208933
-0.247499
-0.108663
-0.131802
-0.031531
-0.070097
-0.147228
-0.232073
-0.154942
 0.053313
 0.199863
 0.014748
 0.022461
-0.509746
-0.625443
-0.170368
 0.037887
 0.007034
-0.594590
-0.579164
-0.316917
-0.054671
 0.192150
 0.400404
 0.485249
 0.662651
 0.732069
 0.824627
 0.855480
 0.346412
 0.292421
 0.068739
 0.091879
 0.292421
 0.477536
 0.438970
 0.793774
 0.469823
 0.392691
 0.284707
 0.554667
 0.678077
 0.678077
 0.724356
 0.894045
 0.809201
 0.523815
 0.269281
 0.508388
 0.678077
 0.253855
 0.076453
 0.261568
 0.662651
 0.724356
 0.940324
 0.631799
 0.307847
 0.330986
 0.500675
 0.840053
 1.002030
 0.840053
 0.755209
 1.171720
 1.179430
 0.508388
 0.061026
 0.107305
 0.539241
 0.701217
 0.955750
 0.793774
 0.531528
 0.654938
 0.593233
 0.870906
 0.847766
 0.793774
 0.932611
 0.901758
 0.932611
 1.079160
 0.963464
 0.870906
 1.187140
 1.264280
 1.441680
 1.271990
 1.225710
 1.225710
 1.210280
 1.349120
 1.549660
 1.480240
 1.403110
 1.156290
 1.271990
 1.310550
 1.325980
 1.218000
 1.133150
 0.955750
 0.924898
 1.125440
 1.295130
 1.102300
 1.187140
 1.379970
 1.457100
 1.002030
 1.040590
 1.133150
 1.140870
 0.963464
 0.940324
 1.017460
 0.994316
 1.025170
 1.194860
 1.125440
 1.210280
 1.271990
 0.955750
 0.924898
 1.125440
 1.271990
 1.140870
 1.210280
 1.225710
 1.318270
 1.426250
 0.870906
 0.847766
 0.932611
 1.179430
 1.279700
 1.372260
 0.855480
 0.631799
 0.870906
 0.886332
 0.924898
 1.256560
 1.325980
 1.164010
 1.086870
 1.140870
 1.410830
 1.356830
 1.248850
 1.156290
 1.218000
 1.287420
 1.495670
 1.302840
 1.233420
 0.963464
 0.917185
 0.955750
 0.793774
 1.063730
 1.125440
 1.094590
 1.241140
 1.110010
 1.079160
 1.032880
 1.063730
 1.125440
 1.148580
 1.048310
 0.546954
 0.292421
 0.361839
 0.678077
 0.762922
 0.824627
 0.600946
 0.816914
 0.832340
 0.438970
 0.053313
 0.531528
 0.354126
 0.577807
 0.570093
 0.832340
 0.338699
 0.084166
 0.292421
 0.408118
 0.454396
 0.647225
 0.516102
 0.624085
 0.392691
 0.369552
 0.546954
 0.523815
 0.716643
 0.755209
 0.269281
-0.008392
 0.153584
 0.022461
 0.192150
 0.276994
 0.030174
-0.178081
-0.532885
-0.324631
-0.324631
-0.147228
-0.124089
 0.053313
 0.061026
-0.008392
 0.330986
 0.207576
 0.346412
-0.139515
-0.208933
-0.610017
-0.579164
-0.556025
-0.664009
-0.748853
-0.594590
-0.432615
-0.208933
-0.185794
-0.370909
-0.779706
-0.502033
-0.401762
-0.000679
-0.016105
-0.124089
-0.579164
-0.378623
-0.100950
 0.091879
-0.016105
-0.124089
-0.355483
-0.309204
-0.432615
-0.239786
-0.509746
-0.671722
-0.872263
-0.741140
-0.610017
-0.633156
-0.378623
-0.262925
-0.525172
-0.571451
-0.517459
-0.463467
-0.795132
-0.548312
-0.532885
-0.602304
-0.710287
-1.095940
-0.771993
-0.332344
-0.417188
-0.517459
-0.725714
-0.933968
-1.072800
-0.872263
-1.119080
-1.219350
-1.304200
-1.072800
-1.080520
-0.687148
-0.849124
-1.389040
-1.142220
-1.041950
-1.497030
-1.319630
-1.119080
-1.288770
-1.674430
-1.373620
-1.311910
-1.774700
-1.551020
-1.566450
-1.659000
-1.581870
-1.551020
-1.227070
-0.718001
-0.779706
-1.257920
-1.196220
-1.242490
-1.242490
-1.998380
-1.820980
-1.466180
-1.473890
-1.473890
-1.389040
-1.365900
-1.952100
-2.438030
-2.330050
-2.060090
-1.936680
-2.044660
-1.905820
-1.990670
-1.882680
-1.489310
-1.327340
-1.743850
-2.044660
-1.774700
-1.774700
-1.666720
-1.936680
-1.797840
-1.404470
-1.774700
-1.913540
-1.635860
-1.466180
-1.558730
-1.597300
-1.527880
-1.774700
-1.805550
-1.659000
-1.335050
-1.011100
-1.095940
-0.941682
-1.165360
-1.018810
-0.764279
-0.841411
-0.640869
-0.825985
-1.543310
-1.435320
-0.918542
-0.610017
-0.640869
-0.517459
-0.764279
-0.664009
-0.910829
-1.103660
-1.026530
-0.687148
-0.347770
-1.296490
-1.219350
-0.879977
-0.556025
-0.131802
-0.309204
-0.424901
-0.093236
-0.363196
-0.586877
-0.193507
-0.031531
-0.023818
-0.394049
-0.332344
-0.054671
 0.053313
 0.207576
 0.423544
-0.185794
-0.062384
 0.037887
-0.216647
-0.023818
 0.292421
 0.485249
-0.000679
-0.370909
-0.100950
-0.525172
-0.502033
-0.070097
 0.161297
 0.454396
 0.762922
 0.855480
 1.009740
 1.002030
 1.179430
 0.909472
 0.739783
 0.624085
 0.585520
 0.801488
 0.600946
 0.462110
 0.840053
 0.986603
 1.117730
 0.693504
 0.685791
 0.863193
 0.786061
 1.086870
 0.786061
 0.670364
 0.523815
 0.716643
 0.940324
 0.739783
 0.701217
 0.654938
 0.454396
 0.238429
 0.369552
 0.485249
 0.523815
 0.431257
 0.624085
 1.025170
 1.009740
 1.048310
 1.256560
 1.009740
 0.832340
 0.546954
 0.624085
 0.901758
 1.171720
 1.079160
 1.117730
 1.032880
 0.994316
 1.017460
 1.233420
 1.171720
 0.986603
 1.079160
 0.917185
 0.631799
 0.523815
 0.608659
 0.747496
 0.654938
 0.870906
 1.210280
 1.433960