-0.365207
-0.549273
-0.450665
-0.161418
 0.206714
 0.561700
 0.726045
 0.765488
 0.778636
 0.864095
 0.857521
 0.877243
 0.824652
 0.791783
 0.870669
 1.199360
-0.608437
-0.595290
-0.818799
-1.285540
-2.080970
-2.021810
-1.778570
-1.857460
-1.062030
-0.989718
-0.983144
-1.035730
-0.371780
-0.654454
 0.831226
 0.719472
 0.719472
 0.706323
 0.837800
 0.693176
 0.489388
 0.410503
 0.318469
 0.522258
 0.423650
-0.555847
-1.108050
-1.160640
-0.746487
-1.160640
-1.509050
-1.430160
-1.430160
-1.515630
-1.232940
-1.364430
-0.739914
 0.463093
 0.620865
 0.837800
 0.791783
 0.831226
 0.903538
 0.804931
 0.831226
 0.752340
 0.936405
 0.791783
-0.286321
-0.753061
-1.009440
-1.246090
-1.443310
-1.620800
-1.647100
-2.166430
-2.620020
-2.593730
-2.633170
-2.383360
-1.259240
-0.102254
-0.187714
 0.430224
 0.594569
 0.502536
 0.436798
 0.587996
 0.706323
 0.732619
 0.463093
-1.522200
-1.568210
-1.515630
-1.640530
-1.936340
-2.002090
-2.087540
-2.061240
-2.002090
-1.988940
-2.002090
-2.002090
-1.850890
-1.975790
-1.614230
-0.628159
-0.141697
-0.121976
 0.436798
 0.561700
 0.035796
 0.075238
 0.252731
 0.476240
 0.410503
 0.311896
-0.483534
-0.746487
-0.831947
-0.950275
-1.219810
-1.173790
-1.509050
-1.469610
-1.522200
-1.548490
-1.509050
-0.739914
 0.469667
 0.614290
 0.653734
 0.916685
 0.837800
 0.831226
 0.903538
 0.883816
 0.877243
 0.956127
 0.587996
-0.345485
-1.232940
-1.390720
-1.896900
-2.324200
-2.659470
-2.961860
-2.830390
-3.592950
-3.514050
-3.369430
-2.475400
-2.021810
-0.404649
 0.009500
 0.075238
 0.200140
 0.482814
 0.528831
 0.607716
 0.574847
 0.706323
 0.568274
-0.877963
-1.226370
-1.653670
-2.034950
-2.054670
-2.258460
-2.541130
-2.679190
-2.738350
-3.021020
-3.119630
-2.928990
-2.488550
-1.699690
-1.785150
-1.752280
-1.581360
-1.403860
-1.403860
-1.338130
-1.449880
-1.574780
-1.476180
-1.489330
-1.344710
-1.167210
-0.654454
-0.608437
-1.246090
-1.837740
-2.389930
-2.271610
-2.251890
-2.251890
-2.080970
-1.877180
-1.772000
-1.265820
-0.930554
-0.746487
-0.831947
-0.490109
-0.437518
-0.575568
-0.365207
-0.437518
-0.430945
-0.588716
-0.792503
-1.035730
-1.042310
-0.858241
-0.956848
-1.101470
-1.259240
-1.548490
-1.818020
-1.949490
-1.745700
-1.660250
-1.456460
-1.285540
-0.956848
-0.549273
 0.482814
 0.272453
 0.384207
 0.522258
 0.555127
 0.522258
 0.555127
 0.555127
 0.555127
 0.226436
-0.003647
 0.495962
 0.147551
 0.410503
 0.568274
 0.555127
 0.344765
 0.410503
 0.785209
 0.758914
 0.831226
 0.910112
 0.910112
 0.929833
 0.936405
 0.890390
 0.870669
 0.857521
 0.837800
 0.857521
 0.765488
 0.778636
 0.883816
 0.121255
-0.075959
-0.490109
-0.207435
-0.615011
-0.897685
-1.173790
-0.818799
-1.482750
-1.778570
-1.555060
-1.436730
-0.772783
 0.022648
 0.476240
 0.653734
 0.758914
 0.844374
 0.896964
 0.916685
 0.982424
 0.896964
 0.942979
 0.837800
-0.273173
-1.384140
-1.305260
-1.686540
-2.120410
-2.416230
-2.475400
-2.600300
-2.685750
-2.620020
-2.666040
-2.606870
-1.772000
-0.805652
-0.818799
-0.759634
-0.214009
-0.069385
-0.378354
-0.601863
-0.384927
-0.075959
 0.108107
 0.114682
-0.095680
-0.279747
-0.628159
 0.213289
 0.285600
 0.436798
 0.259305
-0.075959
 0.331616
 0.581421
-0.023369
 0.410503
 0.594569
 0.896964
 0.811505
 0.739192
 0.896964
 0.916685
 0.877243
 0.969276
 0.923259
 0.877243
 0.942979
 1.081030
 0.561700
-0.128549
-0.279747
-1.443310
-0.989718
-1.607650
-1.811440
-0.759634
-0.753061
-0.726765
-0.608437
-0.207435
 0.259305
 0.430224
 0.430224
 0.495962
 0.489388
 0.463093
 0.456519
 0.515683
 0.561700
 0.732619
 0.758914
 0.561700
 0.568274
 0.561700
 0.338191
 0.259305
-0.049664
-0.470387
-0.647880
-1.226370
-1.305260
-1.495900
-1.633950
-1.581360
-1.055460
-0.476961
-0.345485
 0.009500
 0.686603
 0.949553
 0.870669
 0.850947
 0.877243
 0.864095
 0.910112
 0.956127
 0.022648
-0.286321
-0.529552
-0.989718
-1.384140
-1.633950
-2.002090
-1.384140
-1.528770
-1.292110
-1.324980
-1.213230
-0.884537
 0.495962
 0.739192
 0.804931
 0.673454
 0.594569
 0.942979
 0.890390
 0.890390
 0.877243
 0.831226
 0.975850
-0.174566
-0.792503
-1.232940
-1.265820
-1.778570
-1.929770
-2.087540
-2.205870
-2.324200
-2.357070
-2.475400
 0.048944
 0.778636
 0.791783
 0.804931
 0.850947
 0.804931
 0.844374
 0.647159
 0.778636
 0.844374
 0.877243
 0.877243
 0.877243
 0.916685
 0.068665
-0.897685
-1.265820
-1.699690
-1.482750
-1.463030
-1.403860
-1.009440
-0.877963
-0.641306
-0.227156
-0.194287
 0.121255
-0.043090
-0.384927
 0.173845
 0.193567
 0.502536
 0.587996
 0.410503
 0.778636
 0.699750
-0.338911
-1.035730
-1.298690
-1.469610
-2.173010
-2.363640
-2.547710
-2.652890
-2.606870
-2.541130
-2.600300
-2.370210
-1.278960
-1.259240
-1.101470
-0.536125
-0.227156
-0.023369
 0.292174
 0.693176
 0.653734
 0.870669
 0.890390
 0.857521
 0.239584
-0.549273
-0.319190
-0.792503
-0.595290
-0.483534
-0.937127
-1.239520
-0.555847
-0.661027
-0.588716
-0.693896
-0.871390
 0.587996
 0.850947
 0.758914
 0.765488
 0.778636
 0.693176
 0.837800
 0.666881
 0.824652
 0.660307
 0.357912
 0.140976
-0.187714
-0.529552
-1.154060
-1.535350