0.553297
0.553564
0.553732
0.553820
0.553851
0.553842
0.553808
0.553732
0.553593
0.553367
0.553031
0.552563
0.551939
0.551138
0.550137
0.548912
0.547438
0.545675
0.543582
0.541116
0.538236
0.534898
0.531060
0.526681
0.521718
0.516128
0.509885
0.503017
0.495568
0.487582
0.479103
0.470175
0.460841
0.451145
0.441132
0.430844
0.420319
0.409565
0.398586
0.387383
0.375958
0.364313
0.352451
0.340374
0.328083
0.315581
0.302872
0.289964
0.276868
0.263593
0.250151
0.236550
0.222802
0.208917
0.194905
0.180775
0.166556
0.152343
0.138249
0.124385
0.110865
0.097801
0.085305
0.073491
0.062470
0.052356
0.043240
0.035131
0.028019
0.021892
0.016738
0.012548
0.009308
0.007009
0.005639
0.005186
0.005645
0.007029
0.009355
0.012643
0.016911
0.022177
0.028460
0.035778
0.044148
0.053591
0.064098
0.075564
0.087858
0.100847
0.114400
0.128387
0.142676
0.157135
0.171633
0.186038
0.200237
0.214178
0.227828
0.241155
0.254125
0.266704
0.278859
0.290556
0.301763
0.312446
0.322592
0.332273
0.341581
0.350609
0.359450
0.368195
0.376937
0.385769
0.394783
0.404072
0.413695
0.423583
0.433633
0.443743
0.453811
0.463734
0.473410
0.482736
0.491611
0.499931
0.507612
0.514634
0.520997
0.526698
0.531736
0.536110
0.539817
0.542856
0.545226
0.546925
0.547947
0.548269
0.547864
0.546705
0.544764
0.542016
0.538432
0.533986
0.528650
0.522397
0.515214
0.507138
0.498222
0.488516
0.478072
0.466941
0.455175
0.442826
0.429944
0.416581
0.402790
0.388627
0.374150
0.359418
0.344487
0.329416
0.314263
0.299085
0.283940
0.268886
0.253975
0.239238
0.224698
0.210382
0.196312
0.182515
0.169013
0.155833
0.142998
0.130534
0.118467
0.106838
0.095688
0.085061
0.074999
0.065544
0.056740
0.048628
0.041251
0.034652
0.028867
0.023910
0.019787
0.016505
0.014072
0.012494
0.011778
0.011932
0.012962
0.014876
0.017684
0.021410
0.026083
0.031729
0.038377
0.046055
0.054791
0.064612
0.075546
0.087621
0.100828
0.115015
0.129989
0.145562
0.161543
0.177742
0.193969
0.210033
0.225745
0.240914
0.255390
0.269190
0.282368
0.294980
0.307083
0.318731
0.329981
0.340889
0.351510
0.361900
0.372106
0.382139
0.392001
0.401693
0.411217
0.420575
0.429770
0.438801
0.447673
0.456386
0.464934
0.473280
0.481379
0.489187
0.496658
0.503747
0.510409
0.516600
0.522273
0.527385
0.531905
0.535857
0.539283
0.542222
0.544714
0.546798
0.548516
0.549907
0.551011
0.551867
0.552513
0.552976
0.553278
0.553443
0.553494
0.553455
0.553349
0.553200
0.553030
0.552864
0.552718
0.552589
0.552467
0.552341
0.552202
0.552040
0.551845
0.551606
0.551314
0.550959
0.550525
0.549966
0.549235
0.548279
0.547049
0.545495
0.543567
0.541213
0.538385
0.535031
0.531111
0.526621
0.521567
0.515955
0.509789
0.503075
0.495820
0.488029
0.479707
0.470860
0.461496
0.451640
0.441315
0.430548
0.419365
0.407791
0.395853
0.383575
0.370985
0.358107
0.344962
0.331556
0.317888
0.303957
0.289764
0.275308
0.260589
0.245607
0.230361
0.214852
0.199101
0.183225
0.167361
0.151648
0.136223
0.121224
0.106789
0.093057
0.080166
0.068253
0.057430
0.047700
0.039037
0.031419
0.024820
0.019217
0.014585
0.010900
0.008137
0.006274
0.005290
0.005189
0.005982
0.007677
0.010283
0.013811
0.018269
0.023667
0.030014
0.037320
0.045580
0.054739
0.064726
0.075473
0.086910
0.098967
0.111575
0.124664
0.138165
0.152009
0.166119
0.180397
0.194736
0.209030
0.223175
0.237063
0.250589
0.263648
0.276134
0.287941
0.298993
0.309334
0.319040
0.328185
0.336844
0.345090
0.352999
0.360646
0.368104
0.375448
0.382744
0.390018
0.397288
0.404572
0.411886
0.419248
0.426676
0.434186
0.441798
0.449527
0.457373
0.465263
0.473104
0.480806
0.488276
0.495423
0.502154
0.508379
0.514004
0.518940
0.523105
0.526471
0.529021
0.530737
0.531602
0.531600
0.530712
0.528923
0.526214
0.522569
0.517980
0.512476
0.506094
0.498873
0.490851
0.482065
0.472554
0.462356
0.451509
0.440051
0.428023
0.415483
0.402491
0.389108
0.375394
0.361411
0.347218
0.332876
0.318447
0.303990
0.289558
0.275173
0.260849
0.246598
0.232436
0.218374
0.204427
0.190609
0.176932
0.163411
0.150069
0.136966
0.124171
0.111754
0.099786
0.088335
0.077472
0.067267
0.057788
0.049106
0.041277
0.034299
0.028158
0.022840
0.018331
0.014614
0.011677
0.009503
0.008079
0.007390
0.007428
0.008209
0.009759
0.012100
0.015256
0.019251
0.024109
0.029854
0.036508
0.044097
0.052628
0.062042
0.072269
0.083233
0.094863
0.107084
0.119824
0.133010
0.146568
0.160425
0.174506
0.188722
0.202983
0.217198
0.231278
0.245132
0.258668
0.271797
0.284429
0.296472
0.307865
0.318658
0.328933
0.338769
0.348246
0.357444
0.366443
0.375322
0.384162
0.393042
0.402021
0.411068
0.420131
0.429157
0.438094
0.446890
0.455493
0.463849
0.471907
0.479615
0.486927
0.493836
0.500341
0.506439
0.512132
0.517417
0.522293
0.526761
0.530820
0.534467
0.537708
0.540567
0.543073
0.545254
0.547142
0.548763
0.550149
0.551327
0.552328
0.553180
0.553905
0.554493
0.554927
0.555189
0.555263
0.555131
0.554775
0.554179
0.553325
0.552195
0.550766
0.548982
0.546783
0.544107
0.540894
0.537081
0.532607
0.527411
0.521431
0.514607
0.506893
0.498313
0.488909
0.478720
0.467788
0.456152
0.443853
0.430933
0.417431
0.403388
0.388843
0.373823
0.358356
0.342468
0.326185
0.309534
0.292540
0.275231
0.257631
0.239769
0.221691
0.203534
0.185455
0.167611
0.150159
0.133257
0.117063
0.101733
0.087425
0.074296
0.062475
0.051979
0.042794
0.034909
0.028311
0.022988
0.018928
0.016117
0.014544
0.014197
0.015066
0.017161
0.020495
0.025079
0.030927
0.038052
0.046465
0.056179
0.067208
0.079564
0.093222
0.108010
0.123719
0.140139
0.157061
0.174275
0.191572
0.208742
0.225577
0.241866
0.257438
0.272274
0.286392
0.299810
0.312547
0.324621
0.336052
0.346856
0.357053
0.366662
0.375710
0.384268
0.392416
0.400235
0.407804
0.415203
0.422514
0.429817
0.437190
0.444716
0.452446
0.460326
0.468273
0.476204
0.484036
0.491686
0.499073
0.506113
0.512724
0.518823
0.524343
0.529281
0.533647
0.537455
0.540716
0.543441
0.545644
0.547335
0.548527
0.549232
0.549455
0.549179
0.548380
0.547035
0.545119
0.542609
0.539481
0.535713
0.531279
0.526156
0.520329
0.513820
0.506656
0.498868
0.490484
0.481534
0.472048
0.462054
0.451581
0.440660
0.429319
0.417588
0.405498
0.393077
0.380356
0.367366
0.354134
0.340692
0.327070
0.313297
0.299401
0.285406
0.271331
0.257198
0.243027
0.228840
0.214656
0.200497
0.186383
0.172336
0.158386
0.144612
0.131099
0.117936
0.105210
0.093009
0.081420
0.070530
0.060428
0.051201
0.042919
0.035593
0.029215
0.023777
0.019273
0.015694
0.013035
0.011286
0.010443
0.010496
0.011444
0.013304
0.016099
0.019852
0.024585
0.030319
0.037079
0.044886
0.053763
0.063733
0.074789
0.086813
0.099657
0.113175
0.127219
0.141643
0.156298
0.171038
0.185716
0.200184
0.214317
0.228076
0.241445
0.254405
0.266941
0.279034
0.290669
0.301827
0.312492
0.322646
0.332291
0.341501
0.350368
0.358984
0.367441
0.375833
0.384250
0.392786
0.401533
0.410582
0.419993
0.429692
0.439568
0.449516