-1.303460
-1.322450
-1.145180
-1.265470
-1.151520
-1.094540
-0.948927
-1.012240
-0.910942
-0.670369
-0.733677
-0.569075
-0.670369
-0.550082
-0.448788
-0.689361
-0.777994
-0.632383
-0.828641
-0.834971
-0.702023
-0.740008
-0.581736
-0.512097
-0.429795
-0.486773
-0.157568
-0.195553
-0.296847
-0.423465
-0.334832
-0.271524
-0.214546
 0.095667
 0.026027
-0.005627
 0.184299
-0.043612
-0.100590
-0.170230
 0.095667
 0.279262
 0.241277
 0.272932
-0.113252
-0.056274
-0.005627
 0.133652
-0.417134
-0.480442
-0.436126
-0.372818
-0.170230
-0.144906
-0.011958
 0.304586
 0.215954
 0.146314
 0.215954
 0.431203
 0.260270
 0.272932
 0.291924
-0.208215
-0.189222
-0.106921
 0.038689
 0.114660
 0.228615
 0.513505
 0.253939
 0.418542
 0.424873
 0.576814
 0.766740
 0.557821
 0.545159
 0.500843
 0.602137
 0.595806
 0.665446
 0.722424
 0.785732
 0.804725
 0.861703
 0.969328
 0.937673
 0.855372
 0.899688
 1.038970
 1.209900
 1.045300
 0.912350
 0.893357
 0.950335
 0.931343
 1.121270
 1.171920
 1.171920
 1.171920
 1.165580
 1.102280
 1.197240
 1.083280
 0.722424
 0.798394
 0.760409
 0.823718
 1.013640
 1.140260
 1.323860
 1.292200
 1.418820
 1.057960
 0.785732
 0.969328
 1.032640
 1.038970
 0.956666
 0.937673
 1.064290
 1.203570
 1.279540
 1.247890
 1.368170
 1.336520
 0.842710
 0.849041
 1.064290
 1.235220
 1.336520
 1.311200
 1.273210
 1.361840
 1.260550
 1.285870
 1.361840
 1.260550
 1.254220
 1.444140
 1.589750
 1.545440
 0.918681
 0.779402
 0.798394
 0.969328
 1.279540
 1.323860
 1.228890
 0.944004
 1.133930
 1.342850
 1.178250
 1.228890
 1.235220
 1.260550
 1.330190
 1.317530
 1.425150
 1.596080
 1.577090
 1.304860
 0.944004
 1.026310
 1.064290
 0.868034
 0.836379
 0.842710
 1.057960
 1.190910
 1.254220
 1.355510
 1.501120
 1.558100
 1.526440
 1.475800
 1.437810
 1.646730
 1.399830
 1.254220
 1.368170
 1.209900
 1.108610
 0.944004
 0.887026
 0.855372
 0.849041
 0.836379
 0.861703
 0.766740
 0.709762
 0.690769
 0.874365
 0.994651
 1.019970
 0.893357
 0.576814
 0.500843
 0.583144
 0.665446
 0.722424
 0.133652
 0.038689
 0.203292
 0.291924
 0.513505
 0.652784
 0.849041
 0.804725
 0.595806
 0.475520
 0.361564
 0.437534
 0.336240
 0.418542
 0.374226
 0.557821
 0.412211
 0.640122
 0.760409
 0.488181
 0.443865
 0.304586
 0.304586
 0.260270
 0.279262
 0.583144
 0.697100
 0.494512
-0.081597
-0.094259
-0.113252
-0.068936
-0.138575
-0.144906
 0.083005
-0.056274
 0.007035
 0.070344
 0.247608
 0.146314
 0.095667
 0.070344
 0.279262
 0.279262
 0.139983
 0.089336
-0.068936
-0.056274
-0.043612
 0.000704
 0.196961
 0.108329
 0.070344
 0.083005
-0.353825
-0.385479
-0.531089
-0.689361
-0.695692
-0.689361
-0.410803
-0.296847
-0.157568
-0.632383
-0.581736
-0.562744
-0.518428
-0.702023
-0.746339
-0.790655
-0.740008
-0.740008
-0.531089
-0.442457
-0.721016
-0.651376
-0.569075
-0.258862
-0.455119
-0.265193
-0.594398
-0.898280
-1.088210
-1.233820
-1.328780
-1.240150
-0.936265
-0.600729
-0.809648
-0.790655
-0.822310
-0.645045
-0.619722
-0.683030
-0.746339
-0.809648
-0.796986
-0.866626
-1.037560
-0.955258
-1.126190
-0.980582
-0.986912
-0.936265
-0.986912
-1.385760
-1.676980
-1.651650
-1.702300
-1.613670
-1.259140
-1.499710
-1.550360
-1.499710
-1.778270
-1.999850
-2.196110
-2.202440
-1.879570
-2.037840
-1.917550
-1.987190
-2.075820
-2.088480
-1.645320
-1.601010
-1.670650
-1.569350
-1.778270
-1.809930
-1.803600
-1.740290
-1.733960
-1.499710
-1.303460
-1.632660
-1.702300
-1.797260
-1.569350
-1.550360
-1.354100
-1.746620
-1.866900
-2.056830
-2.139130
-2.329060
-2.373370
-2.310070
-2.164460
-1.923880
-2.107480
-2.101150
-2.037840
-1.866900
-1.993520
-1.993520
-1.904890
-1.537700
-1.240150
-1.594680
-1.797260
-1.911220
-2.031510
-2.063160
-1.968200
-1.999850
-1.987190
-1.961870
-1.923880
-1.803600
-1.860570
-1.733960
-1.512380
-1.499710
-1.588350
-1.499710
-1.487050
-1.468060
-1.455400
-1.195830
-1.024900
-1.100870
-1.031230
-1.062880
-0.910942
-0.683030
-0.853964
-0.746339
-0.676700
-0.581736
-0.809648
-0.613391
-0.588067
-0.613391
-0.271524
-0.499435
-0.455119
-0.436126
-0.347494
 0.171638
-0.315840
-0.721016
-0.695692
-0.651376
-0.562744
-0.410803
-0.239869
-0.220877
-0.537420
-0.347494
-0.328501
-0.271524
-0.170230
 0.007035
 0.209623
 0.374226
 0.431203
 0.367895
 0.158976
 0.101998
 0.026027
 0.127321
 0.329909
 0.272932
 0.184299
 0.424873
 0.475520
 0.519836
 0.101998
 0.051351
 0.215954
 0.285593
 0.367895
 0.481850
 0.576814
 0.665446
 0.627461
 0.760409
 0.450196
-0.049943
 0.114660
 0.386887
 0.602137
 0.469189
 0.386887
 0.152645
 0.152645
 0.323579
 0.443865
 0.405880
 0.557821
 0.652784
 0.798394
 0.874365
 0.880696
 0.646453
 0.640122
 0.747747
 0.975659
 0.665446
 0.627461
 0.754078
 0.956666
 1.178250
 1.456810
 1.450470
 0.956666
 0.595806
 0.747747
 0.861703
 0.937673
 1.026310
 1.038970
 0.868034
 0.469189
 0.399549
 0.621130
 0.760409
 0.969328
 0.798394
 0.716093
 0.811056
 0.925012
 1.114940
 1.241560
 1.431480
 1.437810
 1.488460
 1.171920
 0.956666
 1.051630
 1.089610
 1.070620
 1.114940
 1.146590
 1.222560
 1.178250
 1.260550
 1.368170
 1.311200
 1.469470
 1.482130
 1.526440
 1.254220
 1.235220
 1.285870
 1.323860
 1.241560
 1.083280
 1.152920
 1.317530
 1.482130
 1.545440
 1.197240
 1.247890
 1.285870
 1.095950
 1.064290
 1.140260
 1.140260
 1.178250
 1.026310
 1.076950
 1.000980
 1.184580
 1.260550
 1.323860
 1.070620
 1.089610
 1.228890
 1.222560
 0.861703
 0.994651
 1.228890
 1.247890
 1.285870
 1.228890
 1.292200
 1.355510
 1.292200
 0.912350
 0.817387
 0.988320
 1.007310
 0.887026
 1.064290
 1.089610
 1.076950
 0.855372
 0.811056
 0.741416
 0.773071
 0.868034
 0.944004
 0.969328
 0.773071
 0.899688
 0.962997
 0.937673
 0.874365
 0.722424
 0.830049
 0.944004
 0.861703
 0.887026
 0.994651
 1.089610
 1.083280
 1.095950
 1.140260
 1.216230
 1.127600
 1.032640
 0.576814
 0.285593
 0.266601
 0.456527
 0.475520
 0.583144
 0.627461
 0.450196
 0.462858
 0.621130
 0.146314
-0.113252
 0.108329
 0.203292
 0.064013
-0.030950
-0.094259
 0.057682
 0.064013
 0.456527
 0.310917
 0.272932
 0.260270
 0.165307
 0.184299
 0.234946
 0.323579
 0.291924
 0.190630
 0.139983
 0.146314
 0.171638
 0.076675
 0.190630
 0.133652
 0.007035
-0.049943
-0.106921
-0.176561
 0.045020
-0.081597
-0.094259
-0.119583
 0.127321
-0.068936
-0.277854
-0.315840
-0.271524
-0.157568
-0.119583
-0.239869
-0.144906
-0.189222
-0.353825
-0.125914
-0.094259
-0.208215
-0.132244
-0.265193
-0.315840
-0.607060
-0.626053
-0.683030
-0.721016
-0.822310
-0.841302
-0.828641
-0.872957
-0.809648
-0.822310
-0.822310
-0.860295
-0.885618
-0.537420
-0.809648
-0.974251
-0.948927
-1.050220
-0.980582
-0.986912
-1.062880
-1.037560
-0.929935
-0.980582
-0.936265
-0.961589
-1.088210
-1.271800
-1.259140
-1.227490
-1.208490
-1.252810
-1.227490
-1.240150
-1.259140
-0.974251
-1.145180
-1.183170
-1.151520
-1.024900
-1.056550
-0.999574
-0.980582
-1.094540
-1.404750
-1.449070
-1.531370
-1.499710
-1.309790
-1.126190
-1.024900
-0.986912
-0.936265
-0.999574
-1.233820
-1.594680
-1.518710
-1.835250
-1.930210
-1.961870
-1.936540
-1.930210
-1.841580
-1.385760
-1.151520
-1.544030
-1.670650
-1.689640
-1.657990
-1.284460
-1.487050
-1.575680
-1.607340
-1.695970
-1.328780
-1.233820
-1.170510
-1.252810
-1.341440
-1.183170
-1.335110
-1.360430
-1.341440
-0.967920
-1.119860
-1.113530
-1.126190
-1.214820
-1.309790
-1.335110
-1.088210
-1.005910
-0.702023
-0.721016
-0.733677
-0.765332
-0.474112
-0.771663
-0.923604
-1.050220
-1.031230
-1.050220
-1.050220
-1.195830
-1.290790
-1.297130
-1.202160
-1.113530
-0.708354
-0.841302
-1.081880
-1.037560
-0.809648
-0.898280
-1.018570
-1.050220