 0.222801
 0.657669
 0.260076
 0.657669
 0.781917
 0.607970
 0.247651
-0.050544
-0.485412
-0.808456
-1.355150
-1.442120
-1.628490
-1.305450
-1.181200
-0.945129
-0.559960
 0.334624
 0.061279
 0.210377
-0.584810
-0.622084
-0.398438
-0.870580
-0.907855
-0.622084
-0.609660
-0.348739
 0.533421
 0.371899
-0.199642
-0.733908
-1.094230
-1.119080
-1.665770
-1.740320
-1.678190
-1.156350
-0.969979
-0.435713
-0.386013
-0.137518
 0.359474
 0.011580
-0.199642
-0.050544
 0.024005
-0.062969
 0.645244
 1.092540
 0.868890
 0.732218
 1.167090
 0.769492
 0.160677
-0.460562
-0.671784
-0.858155
-1.367570
-1.516670
-1.380000
-1.069380
-0.733908
-0.311465
-0.050544
-0.038119
 0.123403
 0.123403
-0.224491
-0.013270
 0.520996
 0.620395
 0.570696
 0.844041
 1.030410
 0.657669
 1.316180
 0.993138
 0.483722
-0.286615
-0.957554
-0.883005
-1.529090
-1.603640
-1.541520
-1.056950
-0.820881
-0.348739
-0.224491
 0.086129
 0.670094
 0.272501
-0.348739
 0.123403
-0.137518
 0.135828
 0.197952
 0.446448
 0.831616
 0.148253
 1.514980
 1.303760
 0.384324
-0.373589
-0.883005
-1.032100
-1.479400
-1.591220
-1.553940
-0.945129
-0.895430
-0.386013
-0.087818
 0.036429
-0.025694
-0.013270
-0.559960
-0.547536
-0.062969
-0.212066
 0.446448
 0.620395
 0.197952
 0.583120
 0.943439
 0.806767
 0.148253
-0.435713
-0.796032
-0.994828
-1.529090
-1.566370
-1.616070
-1.156350
-0.920279
-0.472987
-0.398438
-0.013270
 0.160677
 0.322200
-0.299040
-0.336314
 0.197952
 0.396748
 0.806767
 0.694943
 0.781917
 0.061279
 0.632819
 0.645244
 0.297350
-0.149942
-0.696633
-0.920279
-1.491820
-1.504240
-1.578790
-1.355150
-0.920279
-0.522686
-0.087818
 0.036429
 0.098553
 0.384324
-0.187217
 0.086129
 0.297350
 0.061279
 0.284925
 0.148253
 0.011580
 0.148253
 0.595545
 0.682519
 0.110978
-0.286615
-0.559960
-0.920279
-1.479400
-1.578790
-1.665770
-1.367570
-1.268170
-1.032100
-0.522686
 0.334624
 0.396748
 0.011580
-0.386013
-0.448137
-0.622084
-0.783607
-0.671784
-0.597235
-0.622084
-0.361164
 0.160677
 0.297350
-0.174792
-0.783607
-1.019680
-1.206050
-1.628490
-1.640920
-1.491820
-1.056950
-0.920279
-0.386013
-0.572385
-0.460562
-0.323889
-0.075394
-0.423288
-0.311465
-0.100243
-0.087818
 0.123403
 0.160677
 0.086129
 0.359474
 0.483722
 0.309775
-0.050544
-0.535111
-0.858155
-1.168780
-1.553940
-1.616070
-1.466970
-1.032100
-0.994828
-0.286615
 0.011580
 0.098553
 0.359474
-0.013270
-0.299040
-0.261766
-0.062969
-0.100243
 0.421598
 0.558271
 0.260076
 0.371899
 0.968289
 0.806767
 0.197952
-0.696633
-0.895430
-0.994828
-1.466970
-1.479400
-1.479400
-1.056950
-0.833306
-0.311465
-0.125093
-0.050544
-0.000845
-0.025694
-0.323889
 0.222801
 0.533421
 0.421598
 0.545846
 0.781917
 0.446448
 0.508572
 0.819191
 0.670094
 0.110978
-0.497837
-1.032100
-0.994828
-1.553940
-1.591220
-1.355150
-0.994828
-0.932704
-0.460562
-0.187217
 0.048854
 0.173102
 0.098553
-0.559960
 0.024005
-0.125093
 0.148253
 0.446448
 0.471297
 0.284925
 0.197952
 0.384324
 0.371899
 0.048854
-0.559960
-0.845731
-0.982403
-1.516670
-1.578790
-1.479400
-1.056950
-0.845731
-0.299040
-0.013270
 0.135828
 0.235226
-0.075394
-0.448137
-0.062969
 0.272501
 0.197952
 0.160677
 0.359474
 0.024005
 0.409173
 0.645244
 0.309775
-0.236916
-0.684208
-0.994828
-1.069380
-1.603640
-1.678190
-1.616070
-1.404850
-1.156350
-0.609660
-0.025694
 0.384324
-0.062969
-0.075394
-0.249341
-0.224491
-0.423288
-0.311465
-0.087818
-0.038119
 0.284925
-0.013270
 0.446448
 0.284925
 0.123403
-0.299040
-0.423288
-0.920279
-1.491820
-1.653340
-1.653340
-1.293020
-1.293020
-0.783607
-0.559960
-0.075394
 0.135828
 0.247651
-0.435713
-0.733908
-0.510261
-0.634509
-0.572385
-0.671784
-0.361164
-0.336314
 0.061279
 0.036429
-0.535111
-0.883005
-1.131500
-1.255750
-1.715470
-1.790010
-1.628490
-1.305450
-1.019680
-0.634509
-0.497837
-0.398438
 0.098553
-0.212066
-0.659359
-0.535111
-0.373589
-0.013270
 0.260076
 0.471297
 0.570696
 0.098553
 0.384324
 0.347049
-0.087818
-0.547536
-1.032100
-1.156350
-1.628490
-1.603640
-1.578790
-1.168780
-1.056950
-0.559960
-0.236916
-0.149942
 0.036429
-0.025694
-0.559960
-0.398438
-0.236916
 0.086129
 0.707368
 0.483722
-0.025694
-0.137518
 0.769492
 0.222801
 0.048854
-0.646934
-0.994828
-1.206050
-1.703040
-1.839710
-1.541520
-1.181200
-0.982403
-0.038119
-0.137518
-0.112668
 0.160677
 0.098553
-0.460562
-0.212066
 0.297350
 0.123403
 0.247651
 0.831616
 0.744643
 0.135828
 0.732218
 0.595545
 0.061279
-0.646934
-0.895430
-1.131500
-1.678190
-1.665770
-1.541520
-1.143930
-1.007250
-0.423288
-0.199642
-0.174792
 0.110978
 0.098553
-0.522686
-0.261766
 0.347049
 0.458872
 0.794342
 0.757067
 0.421598
 0.297350
 0.670094
 0.284925
-0.038119
-0.622084
-0.920279
-0.957554
-1.603640
-1.640920
-1.479400
-1.056950
-0.895430
-0.125093
 0.061279
-0.000845
 0.173102
 0.024005
-0.485412
-0.137518
 0.024005
 0.260076
 0.520996
 0.309775
 0.272501
-0.025694
 0.371899
 0.458872
 0.048854
-0.535111
-0.771182
-0.994828
-1.566370
-1.653340
-1.541520
-1.243320
-1.106650
-0.622084
-0.274190
-0.137518
 0.359474
-0.038119
-0.249341
-0.286615
 0.210377
 0.458872
 0.048854
 0.098553
 0.185527
 0.048854
 0.409173
 0.496147
 0.160677
-0.336314
-0.758757
-1.007250
-1.628490
-1.678190
-1.591220
-1.342720
-1.206050
-0.733908
-0.559960
-0.448137
-0.323889
 0.123403
-0.348739
-0.659359
-0.622084
-0.671784
-0.746332
-0.510261
-0.659359
-0.398438
 0.110978
 0.024005
-0.361164
-0.808456
-0.895430
-1.094230
-1.616070
-1.603640
-1.491820
-1.181200
-0.957554
-0.472987
-0.547536
-0.149942
-0.311465
-0.187217
-0.410863
-0.236916
-0.062969
-0.050544
-0.100243
 0.098553
 0.061279
 0.036429
 0.558271
 0.409173
-0.125093
-0.820881
-1.032100
-1.168780
-1.628490
-1.690620
-1.516670
-1.119080
-0.932704
-0.274190
-0.361164
-0.187217
 0.434023
-0.212066
-0.497837
-0.373589
-0.236916
 0.222801
 0.533421
 0.434023
 0.458872
-0.062969
 0.471297
 0.421598
-0.025694
-0.634509
-0.870580
-1.032100
-1.603640
-1.678190
-1.466970
-1.119080
-0.907855
-0.348739
-0.323889
 0.024005
-0.137518
-0.274190
-0.410863
 0.272501
 0.036429
-0.038119
 0.570696
 0.831616
 0.781917
 0.533421
 0.980714
 0.694943
-0.075394
-0.472987
-0.845731
-1.044530
-1.591220
-1.678190
-1.491820
-1.056950
-0.895430
-0.199642
-0.137518
-0.025694
 0.073704
 0.396748
-0.137518
 0.744643
 1.241630
 0.980714
 0.906165
 1.266480
 0.657669
-0.075394
 0.222801
 0.260076
-0.137518
-0.410863
-0.820881
-0.982403
-1.504240
-1.566370
-1.429700
-1.094230
-0.895430
-0.323889
 0.210377
 0.483722
 0.260076
 0.160677
 0.222801
 0.483722
 0.781917
 0.496147
 0.222801
 1.142240
 0.844041
 0.185527
 0.322200
 0.409173
 0.073704
-0.323889
-0.721483
-0.771182
-1.317870
-1.516670
-1.504240
-1.280600
-1.106650
-0.622084
 0.173102
 0.844041
 0.744643
 0.545846
-0.013270
 0.260076
 0.260076
-0.050544
-0.050544
 0.247651
-0.062969
-0.100243
-0.038119
 0.222801
-0.112668
-0.162367
-0.497837
-0.783607
-1.479400
-1.553940
-1.516670
-1.230900
-1.081800
-0.684208
-0.721483
-0.584810
-0.000845
 0.148253
-0.522686
-0.721483
-0.559960
-0.435713
-0.435713
-0.448137
-0.522686
-0.659359
-0.000845
 0.011580
-0.348739
-0.746332
-1.032100
-1.069380
-1.616070
-1.541520
-1.491820
-1.206050
-1.032100
-0.510261
-0.547536
-0.212066
-0.112668
-0.261766
-0.609660
-0.212066
 0.135828
 0.024005
 0.284925
 0.694943
 0.694943
 0.508572
 0.607970
 0.496147
 0.073704
-0.373589
-0.709058
-1.032100
-1.553940
-1.665770
-1.417270
-1.094230
-0.994828
-0.187217
 0.073704
-0.000845
 0.347049
 0.110978
-0.423288
 0.086129
 0.371899
 0.446448
 0.744643
 0.533421
 0.607970
 0.272501
 0.284925
 0.247651