-0.403858
-0.386132
-0.429680
-0.439980
-0.440968
-0.425010
-0.463109
-0.439343
-0.451447
-0.435371
-0.419265
-0.425038
-0.456443
-0.462625
-0.431082
-0.440980
-0.452208
-0.461514
-0.459401
-0.510475
-0.440153
-0.464740
-0.468331
-0.471938
-0.417124
-0.466442
-0.513250
-0.463413
-0.443411
-0.538181
-0.454182
-0.422230
-0.458511
-0.508398
-0.468956
-0.458552
-0.464758
-0.464758
-0.462138
-0.472375
-0.454098
-0.480647
-0.466022
-0.465171
-0.429764
-0.520772
-0.428763
-0.483864
-0.466652
-0.505251
-0.455734
-0.461022
-0.467439
-0.525406
-0.481941
-0.489583
-0.446757
-0.432621
-0.489019
-0.507021
-0.551665
-0.491861
-0.488745
-0.441210
-0.531347
-0.463969
-0.471319
-0.485549
-0.533098
-0.495128
-0.467578
-0.472060
-0.481180
-0.491321
-0.478193
-0.496116
-0.473087
-0.510708
-0.477099
-0.513105
-0.470765
-0.470493
-0.510562
-0.484796
-0.498981
-0.499127
-0.444416
-0.523937
-0.505967
-0.531812
 0.685742
-0.345521
-0.324033
-0.342715
-0.452681
-0.460068
-0.488753
-0.542710
-0.501314
-0.493979
-0.497363
-0.512635
-0.493987
-0.545196
-0.502985
-0.528842
-0.434291
-0.498821
-0.489853
-0.493627
-0.476759
-0.496474
-0.479446
-0.515147
-0.481502
-0.489143
-0.503099
-0.458100
-0.461433
-0.495738
-0.534997
-0.469544
-0.531238
-0.479787
-0.463617
-0.458481
-0.524889
-0.451558
-0.500257
-0.478289
-0.495584
-0.489490
-0.467580
-0.474780
-0.520084
-0.520114
-0.537662
-0.523663
-0.494375
-0.521876
-0.491134
-0.463896
-0.519841
-0.475172
-0.501955
-0.464189
-0.499412
-0.500857
-0.495586
-0.508100
-0.525191
-0.520244
-0.511718
-0.519790
-0.498999
-0.478718
-0.450825
-0.529193
-0.540440
-0.502561
-0.506484
-0.540099
-0.541158
-0.500831
-0.538871
-0.495998
-0.487351
-0.503322
-0.517214
-0.513623
-0.498221
-0.528379
-0.555695
-0.473498
-0.511107
-0.464702
-0.463349
-0.535103
-0.507148
-0.515788
-0.500439
-0.496963
-0.511754
-0.523580
-0.486625
-0.489593
-0.496879
-0.487782
-0.502368
-0.495280
-0.523091
-0.535431
-0.487253
-0.454518
-0.476111
 1.479510
-0.043782
-0.088237
-0.119156
-0.217663
-0.217292
-0.241153
-0.273620
-0.263247
-0.318190
-0.253353
-0.282583
-0.280208
-0.206950
-0.304202
-0.315841
-0.258202
-0.384720
-0.305340
-0.280253
-0.317095
-0.318063
-0.279623
-0.296269
-0.352187
-0.318126
-0.358463
-0.334081
-0.303045
-0.320055
-0.274020
-0.372331
-0.316046
-0.325010
-0.321527
-0.316610
-0.348384
-0.396436
-0.412782
-0.335012
-0.286013
-0.297521
-0.307797
-0.328588
-0.319632
-0.244923
-0.343643
-0.345144
-0.340374
-0.348850
-0.336334
-0.291014
-0.335104
-0.381972
-0.295155
-0.292141
-0.364308
-0.335498
-0.355580
-0.380124
-0.386940
-0.322402
-0.266476
-0.353141
-0.313886
-0.369465
-0.361901
-0.331929
-0.318364
-0.338291
-0.325418
-0.372416
-0.351527
-0.345905
-0.366488
-0.364396
-0.345497
-0.368816
-0.339562
-0.336287
-0.329201
-0.321860
-0.335972
-0.258472
-0.360456
-0.380583
-0.378862
-0.402538
-0.373351
-0.415427
-0.308322
-0.374095
-0.393634
-0.394592
-0.397038
-0.395930
-0.381295
-0.398285
-0.354028
-0.376446
-0.403104
-0.407431
-0.342070
-0.408775
-0.367729
 1.522040
-2.070000
 1.214850
-2.070560
 1.325780
-2.111520
 1.309830
-2.069050
 1.199830
-2.092270
 1.134040
-2.076160
 1.105940
-2.118920
 1.079730
-2.089750
 1.065460
-2.147060
 1.006210
-2.116940
 0.951649
-2.081960
 0.904483
-2.082210
 1.034590
-2.072910
 1.256860
-2.093050
 1.216300
-2.048580
 1.252740
-2.104370
 1.272190
-2.052300
 1.215640
-2.055600
 1.184880
-2.110240
 1.137420
-2.088230
 1.149990
-2.092020
 1.086640
-2.103350
 1.082090
-2.132200
 1.062560
-2.104560
 0.956673
-2.107710
 0.952834
-2.111540
 0.956283
-2.111420
 0.916299
-2.114020
 0.883012
-2.132260
 0.937253
-2.105530
 0.888953
-2.117070
 0.939011
-2.077690
 0.857001
-2.114840
 0.800258
-2.130220
 0.833653
-2.136170
 0.790075
-2.105910
 0.798349
-2.140510
 0.790705
-2.137740
 0.776391
-2.120960
 0.679120
-2.153230
 0.723723
-2.095400
 0.684520
-2.128270
 0.630673
-2.119970
 0.694975
-2.137070
 0.646881
-2.111550
 0.660843
-2.124790
 0.604774
-2.112770
 0.594472
-2.124910
 0.543707
-2.126150
 0.548747
-2.131360
-1.435650
-0.769025
-0.373064
 0.851639
 1.260050
-0.015039
 0.343267
-0.418267
 0.323203
 0.146619
-0.083772
 0.411998
-0.355380
 0.420861
-1.413390
-0.734874
-0.334193
 0.946123
-1.406930
-0.735984
-0.327923
 0.982400
 1.322550
 0.014594
 0.422192
-0.338919
 0.570653
-1.451150
-0.808561
-0.213550
 1.087330
 1.375740
 0.157125
 0.542887
-0.290383
 0.386500
 0.355832
 0.110590
 0.530688
-0.350000
 0.339297
-1.495140
-0.825310
-0.209533
 1.140920
 1.308980
 0.107102
 0.536579
-0.328907
 0.428522
-1.505580
-0.773409
-0.197397
 1.140540
 5.101630
 0.221210
 0.058224
-1.625280
-1.522170
-1.517440
-1.545340
-1.496810
-1.528100
-1.513020
-1.499560
-1.543040
-1.523770
-1.522680
-1.540440
-1.514720
-1.503540
-1.517880
-1.500770
-1.531100
-1.489340
-1.485800
-1.465600
-1.437580
-1.413620
-1.430190
-1.335500
-1.404370
-1.383490
-1.343440
-1.365530
-1.382250
-1.349540
-1.353050
-1.329700
-1.341860
-1.353410
-1.304210
-1.298830
-1.326070
-1.329840
-1.293620
-1.334910
-1.325430
-1.320060
-1.303440
-1.303490
-1.302010
-1.305900
-1.276330
-1.296470
-1.283420
-1.286720
-1.318690
-1.313820
-1.302440
-1.265500
-1.291970
-1.317930
-1.305800
-1.299490
-1.271620
-1.300190
-1.275320
-1.314590
-1.299730
-1.289810
-1.312500
-1.301650
-1.337910
-1.320640
-1.304980
-1.327970
-1.323430
-1.364720
-1.349990
-1.330060
-1.319620
-1.305840
-1.301640
-1.329730
-1.304360
-1.308000
-1.302260
-1.305640
-1.304750
-1.328200
-1.348370
-1.315490
-1.314650
-1.319300
-1.316720
-1.335340
-1.370210
-1.344820
-1.328630
-1.342490
-1.335840
-1.316140
-1.318540
-1.352600
-1.329010
-1.337770
 4.978510
 0.739966
 0.659800
-1.352140
-1.317100
-1.291400
-1.331110
-1.291030
-1.321280
-1.312670
-1.305060
-1.299310
-1.348640
-1.298430
-1.314810
-1.310060
-1.314290
-1.336350
-1.356370
-1.314510
-1.314990
-1.370570
-1.324200
-1.326350
-1.354250
-1.342940
-1.316470
-1.343000
-1.355110
-1.326010
-1.308010
-1.331180
-1.288690
-1.306260
-1.256720
-1.283220
-1.326090
-1.272230
-1.340490
-1.278460
-1.272620
-1.309170
-1.284440
-1.325100
-1.284400
-1.325450
-1.352840
-1.314050
-1.263630
-1.287190
-1.294460
-1.303830
-1.313640
-1.289810
-1.309520
-1.316290
-1.291000
-1.277690
-1.313390
-1.320710
-1.337130
-1.314180
-1.311110
-1.285160
-1.266730
-1.298140
-1.253520
-1.289800
-1.272610
-1.327100
-1.301120
-1.307170
-1.297690
-1.273890
-1.259780
-1.311070
-1.303740
-1.298610
-1.292340
-1.307930
-1.281850
-1.304090
-1.309470
-1.316080
-1.306640
-1.305840
-1.288030
-1.317070
-1.306830
-1.319990
-1.360910
-1.323580
-1.329840
-1.313350
-1.301740
-1.285100
-1.283710
-1.294310
-1.324560
-1.306590
-1.275920
-1.302910
-1.297540
-0.182869
-0.423829
-0.430090
-0.453648
-0.409063
-1.755370
-1.685210
-1.616580
-1.614330
-1.569060
-1.543550
-1.477690
-1.483760
-1.466240
-1.453250
-1.390080
-1.376040
-1.293540
-1.216400
-1.329080
-1.323820
-1.331930
-1.296250
-1.274880
-1.264220
-1.286820
-1.277100
-1.273080
-1.242300
-1.197200
-1.249350
-1.270130
-1.252210
-1.260830
-1.242970
-1.242870
-1.265780
-1.235040
-1.365920
-1.244410
-1.246160
-1.222300
-1.216220
-1.248620
-1.199000
-1.212480
-1.235920
-1.263660
-1.232360
-1.236990
-1.265380
-1.258480
-1.229560
-1.234410
-1.179940
-1.239070
-1.233280
-1.231290
-1.239690
-1.219200
-1.236360
-1.225270
-1.238870
-1.234240
-1.247400
-1.235760
-1.230710
-1.257890
-1.259370
-1.263410
-1.260520
-1.216790
-1.270180
-1.236580
-1.227030
-1.238900
-1.236990
-1.239320
-1.299520
-1.222060
-1.287680
-1.250730
-1.255670
-1.250940
-1.256280
-1.260740
-1.250540
-1.245750
-1.277750
-1.251780