-0.632168
-0.629897
-0.627627
-0.625356
-0.627627
-0.634439
-0.629897
-0.627627
-0.632168
-0.691206
-0.698018
-0.700289
-0.702559
-0.702559
-0.704830
-0.704830
-0.707101
-0.709371
-0.713913
-0.720725
-0.725266
-0.727537
-0.727537
-0.729808
-0.722995
-0.711642
-0.700289
-0.693477
-0.688935
-0.686664
-0.688935
-0.695747
-0.702559
-0.707101
-0.711642
-0.716183
-0.720725
-0.720725
-0.722995
-0.722995
-0.720725
-0.768409
-0.786575
-0.793387
-0.786575
-0.768409
-0.752514
-0.738890
-0.732078
-0.729808
-0.727537
-0.727537
-0.729808
-0.732078
-0.736620
-0.743432
-0.747973
-0.747973
-0.754785
-0.761597
-0.763868
-0.763868
-0.766139
-0.763868
-0.766139
-0.766139
-0.768409
-0.754785
-0.757056
-0.759326
-0.763868
-0.768409
-0.770680
-0.775221
-0.779763
-0.782033
-0.784304
-0.786575
-0.791116
-0.795657
-0.800199
-0.807011
-0.811552
-0.816094
-0.816094
-0.811552
-0.802470
-0.795657
-0.791116
-0.788845
-0.786575
-0.786575
-0.788845
-0.788845
-0.791116
-0.791116
-0.793387
-0.793387
-0.795657
-0.795657
-0.797928
-0.797928
-0.743432
-0.747973
-0.738890
-0.729808
-0.729808
-0.727537
-0.720725
-0.711642
-0.704830
-0.695747
-0.691206
-0.682123
-0.677582
-0.679852
-0.675311
-0.670770
-0.675311
-0.670770
-0.666228
-0.661687
-0.661687
-0.659416
-0.659416
-0.657146
-0.654875
-0.657146
-0.657146
-0.659416
-0.666228
-0.670770
-0.673040
-0.675311
-0.677582
-0.677582
-0.679852
-0.677582
-0.675311
-0.673040
-0.670770
-0.666228
-0.661687
-0.659416
-0.657146
-0.657146
-0.661687
-0.666228
-0.673040
-0.682123
-0.686664
-0.688935
-0.691206
-0.693477
-0.693477
-0.691206
-0.684394
-0.679852
-0.675311
-0.673040
-0.670770
-0.448242
-0.452784
-0.459596
-0.464137
-0.470949
-0.480032
-0.489115
-0.493656
-0.500468
-0.505010
-0.507280
-0.509551
-0.509551
-0.511822
-0.509551
-0.509551
-0.511822
-0.511822
-0.509551
-0.507280
-0.502739
-0.498197
-0.495927
-0.489115
-0.486844
-0.480032
-0.477761
-0.475491
-0.475491
-0.470949
-0.470949
-0.468679
-0.466408
-0.464137
-0.459596
-0.452784
-0.445972
-0.436889
-0.430077
-0.420994
-0.414182
-0.407370
-0.402829
-0.398287
-0.398287
-0.396017
-0.393746
-0.391475
-0.384663
-0.375580
-0.357415
-0.341520
-0.334708
-0.291565
-0.246151
-0.241610
-0.239339
-0.237068
-0.234798
-0.212091
-0.139429
-0.146241
-0.137158
-0.094015
-0.062226
-0.005458
 0.037685
 0.205716
 0.559943
 0.771117
 0.932335
 1.009540
 1.061760
 1.104910
 1.145780
 1.179840
 1.213900
 1.245690
 1.356950
 1.359220
 1.352410
 1.359220
 1.386470
 1.406910
 1.422800
 1.436430
 1.447780
 1.468220
 1.524980
 1.515900
 1.520440
 1.534070
 1.538610
 1.547690
 1.554500
 1.549960
 1.540880
 1.545420
 1.545420
 1.540880
 1.536340
 1.529530
 1.522710
 1.511360
 1.490920
 1.477300
 1.459130
 1.447780
 0.437326
 0.425972
 0.421431
 0.419160
 0.407807
 0.403265
 0.403265
 0.394183
 0.387371
 0.385100
 0.380559
 0.369205
 0.369205
 0.364664
 0.357852
 0.337415
 0.328333
 0.321521
 0.314709
 0.312438
 0.312438
 0.292002
 0.287460
 0.287460
 0.285190
 0.280648
 0.280648
 0.273836
 0.267024
 0.264753
 0.262483
 0.267024
 0.253400
 0.248859
 0.248859
 0.246588
 0.246588
 0.239776
 0.217069
 0.214798
 0.217069
 0.219340
 0.217069
 0.214798
 0.212528
 0.210257
 0.205716
 0.203445
 0.201174
 0.189821
 0.171655
 0.171655
 0.173926
 0.176197
 0.176197
 0.173926
 0.171655
 0.167114
 0.164843
 0.160302
 0.158031
 0.153490
 0.128512
 0.123971
 0.128512
 0.128512
 0.130783
 0.128512
 0.128512
 0.126242
-0.302918
-0.305189
-0.302918
-0.302918
-0.305189
-0.305189
-0.307460
-0.309730
-0.312001
-0.314272
-0.314272
-0.318813
-0.321084
-0.323355
-0.323355
-0.325625
-0.325625
-0.327896
-0.332437
-0.332437
-0.334708
-0.336979
-0.339249
-0.336979
-0.339249
-0.339249
-0.341520
-0.343791
-0.341520
-0.343791
-0.346061
-0.346061
-0.348332
-0.350603
-0.350603
-0.352873
-0.352873
-0.355144
-0.355144
-0.357415
-0.357415
-0.359686
-0.361956
-0.361956
-0.364227
-0.366498
-0.368768
-0.371039
-0.371039
-0.375580
-0.375580
-0.377851
-0.380122
-0.382392
-0.382392
-0.380122
-0.377851
-0.377851
-0.380122
-0.382392
-0.384663
-0.386934
-0.386934
-0.536799
-0.536799
-0.534528
-0.536799
-0.536799
-0.539070
-0.541341
-0.543611
-0.545882
-0.548153
-0.550423
-0.552694
-0.554965
-0.554965
-0.557235
-0.557235
-0.559506
-0.559506
-0.557235
-0.557235
-0.554965
-0.552694
-0.552694
-0.554965
-0.554965
-0.557235
-0.559506
-0.557235
-0.559506
-0.559506
-0.561777
-0.559506
-0.559506
-0.561777
-0.564047
-0.564047
-0.568589
-0.570859
-0.573130
-0.577671
-0.579942
-0.579942
-0.575401
-0.573130
-0.573130
-0.570859
-0.570859
-0.568589
-0.568589
-0.570859
-0.570859
-0.573130
-0.573130
-0.575401
-0.575401
-0.577671
-0.573130
-0.616273
-0.611732
-0.584484
-0.573130
-0.570859
-0.573130
-0.575401
-0.577671
-0.579942
-0.577671
-0.577671
-0.582213
-0.584484
-0.584484
-0.579942
-0.579942
-0.577671
-0.577671
-0.579942
-0.577671
-0.579942
-0.577671
-0.577671
-0.579942
-0.584484
-0.586754
-0.589025
-0.589025
 0.158031
 0.160302
 0.162573
 0.169385
 0.178467
 0.196633
 0.196633
 0.194362
 0.192091
 0.187550
 0.185279
 0.183009
 0.180738
 0.176197
 0.171655
 0.171655
 0.169385
 0.169385
 0.167114
 0.171655
 0.169385
 0.169385
 0.167114
 0.169385
 0.167114
 0.169385
 0.171655
 0.178467
 0.180738
 0.185279
 0.189821
 0.198904
 0.207986
 0.242047
 0.251129
 0.253400
 0.255671
 0.273836
 0.303355
 0.319250
 0.346498
 0.360122
 0.416889
 0.525882
 0.553131
 0.587191
 0.621251
 0.655312
 0.682560
 0.712079
 0.741598
 0.777929
 0.814260
 0.852861
 0.900546
 0.943689
 0.986832
 1.029980
 1.061760
 1.102640
 1.132160
 1.159400
 1.186650
 1.209360
 1.222980
 1.247960
 1.313810
 1.288830
 1.279750
 1.270670
 1.279750
 1.282020
 1.279750
 1.268400
 1.263860
 1.268400
 1.268400
 1.266130
 1.259310
 1.247960
 1.241150
 1.234340
 1.218440
 1.207090
 1.195740
 1.179840
 1.168490
 1.157130
 1.143510
 1.129890
 1.120800
 1.109450
 1.098100
 1.089010
 1.079930
 1.064040
 1.050410
 1.039060
 1.027700
 1.018620
 1.009540
 1.000460
 0.991373
 0.982291
 0.966396
 0.955042
 0.948230
 0.939148
 0.930065
 0.916441
 0.905087
 0.893734
 0.889192
 0.877839
 0.866486
 0.857403
 0.852861
 0.841508
 0.830155
 0.827884
 0.816530
 0.814260
 0.809718
 0.793824
 0.789282
 0.787012
 0.784741
 0.773387
 0.764305
 0.764305
 0.762034
 0.366934
 0.373746
 0.376017
 0.373746
 0.369205
 0.360122
 0.351040
 0.353310
 0.351040
 0.348769
 0.346498
 0.337415
 0.330603
 0.330603
 0.328333
 0.328333
 0.321521
 0.312438
 0.310167
 0.310167
 0.307897
 0.305626
 0.296543
 0.292002
 0.292002
 0.289731
 0.289731
 0.287460
 0.282919
 0.267024
 0.257941
 0.264753
 0.264753
 0.262483
 0.260212
 0.260212
 0.255671
 0.253400
 0.248859
 0.244317
 0.242047
 0.232964
 0.228422
 0.228422
 0.226152
 0.226152
 0.223881
 0.221610
 0.221610
 0.210257
 0.196633
 0.198904
 0.201174
 0.203445
 0.201174
 0.198904
 0.198904
 0.196633
 0.194362
 0.192091
 0.189821
 0.185279
 0.183009
 0.160302
 0.158031
 0.158031
 0.160302
 0.158031
 0.155760
 0.155760
 0.151219
 0.146678
 0.128512
 0.128512
 0.126242
 0.123971
 0.228422
 0.455491
 0.609898
 0.530424
 0.251129
-0.094015
-0.307460
-0.275670
-0.332437
-0.282482
 0.003624
 0.137595
 0.119429
 0.051309
 0.021790
 0.030873
 0.067204
 0.094452
 0.094452
 0.089911
 0.087640
 0.155760
 0.187550
 0.228422
 0.257941
 0.289731
 0.298814
 0.301084
 0.310167
 0.332874
 0.332874
 0.330603
 0.335145
 0.355581
 0.378288
 0.391912
 0.389641
 0.387371
 0.387371
 0.391912
 0.398724
 0.419160
 0.425972
 0.428243
 0.439596
 0.457762
 0.471386
 0.473657
 0.478198
 0.496364
 0.500905
 0.503176
 0.507717
 0.519070
 0.530424
 0.541777