-0.602942
 0.938192
 0.531860
-0.438213
-0.602942
-0.602942
-0.602942
-0.602942
-0.602942
-0.602942
-0.602942
-0.602942
-0.039202
-0.602942
 0.050484
-0.602942
-0.602942
-0.602942
-0.602942
-0.602942
-0.602942
-0.602942
-0.602942
-0.602942
-0.216744
-0.602942
-0.264332
-0.355848
-0.515087
-0.602942
-0.602942
-0.602942
-0.602942
-0.602942
-0.602942
-0.602942
-0.106924
-0.438213
 0.207892
 0.213383
-0.569996
-0.602942
-0.602942
-0.602942
-0.602942
-0.602942
-0.602942
-0.602942
-0.602942
-0.602942
-0.211253
-0.429061
-0.602942
-0.602942
-0.602942
-0.602942
-0.602942
-0.602942
-0.602942
-0.602942
-0.346697
-0.602942
 0.638019
-0.242368
-0.134379
-0.602942
-0.602942
-0.602942
-0.602942
-0.602942
-0.602942
-0.602942
-0.602942
-0.396115
 0.394585
-0.602942
-0.602942
-0.602942
-0.602942
-0.602942
-0.602942
-0.602942
-0.602942
-0.602942
-0.231386
 0.762481
-0.602942
-0.602942
-0.363170
-0.602942
-0.602942
-0.602942
-0.602942
-0.602942
-0.602942
-0.602942
-0.602942
-0.233216
-0.407097
-0.602942
-0.575487
-0.602942
-0.602942
-0.602942
-0.602942
-0.602942
-0.602942
-0.602942
-0.602942
 0.433022
-0.591960
-0.602942
-0.602942
-0.602942
-0.602942
-0.602942
-0.602942
-0.602942
-0.602942
-0.602942
-0.149021
 1.183460
 1.181630
-0.602942
-0.207592
-0.602942
-0.602942
-0.602942
-0.602942
-0.602942
-0.602942
-0.602942
-0.602942
-0.374152
-0.031881
 0.520878
-0.352188
-0.602942
-0.602942
-0.602942
-0.602942
-0.602942
-0.602942
-0.602942
-0.174646
-0.084960
-0.602942
-0.602942
-0.602942
-0.602942
-0.602942
-0.602942
-0.602942
-0.602942
-0.602942
-0.602942
-0.602942
-0.024559
 0.217044
-0.602942
-0.602942
-0.602942
-0.602942
-0.602942
-0.602942
-0.602942
-0.602942
-0.602942
-0.229556
-0.602942
 0.200571
-0.602942
-0.602942
-0.602942
-0.602942
-0.602942
-0.602942
-0.602942
-0.602942
-0.602942
-0.410758
-0.602942
-0.295448
-0.103263
-0.487632
-0.602942
-0.602942
-0.602942
-0.602942
-0.602942
-0.602942
-0.602942
-0.277144
-0.044693
 0.367130
-0.458347
-0.579148
-0.602942
-0.602942
-0.602942
-0.602942
-0.602942
-0.602942
-0.602942
-0.602942
-0.602942
-0.059335
-0.390624
-0.602942
-0.602942
-0.602942
-0.602942
-0.602942
-0.602942
-0.602942
-0.602942
-0.361339
-0.511426
 0.689268
-0.388794
-0.328393
-0.602942
-0.602942
-0.602942
-0.602942
-0.602942
-0.602942
-0.602942
-0.602942
-0.590130
 0.138340
-0.602942
-0.602942
-0.602942
-0.602942
-0.602942
-0.602942
-0.602942
-0.602942
-0.602942
-0.313751
 0.301239
-0.602942
-0.602942
-0.493123
-0.602942
-0.602942
-0.602942
-0.602942
-0.602942
-0.602942
-0.602942
-0.602942
-0.602942
-0.548033
-0.602942
-0.602942
-0.602942
-0.602942
-0.602942
-0.602942
-0.602942
-0.602942
-0.602942
-0.538881
 0.129188
-0.602942
-0.602942
-0.602942
-0.602942
-0.602942
-0.602942
-0.602942
-0.602942
-0.602942
-0.602942
-0.385134
 1.007740
 0.901586
-0.602942
-0.471159
-0.602942
-0.602942
-0.602942
-0.602942
-0.602942
-0.602942
-0.602942
-0.602942
-0.601112
-0.269823
 0.427531
-0.527899
-0.602942
-0.602942
-0.602942
-0.602942
-0.602942
-0.602942
-0.602942
-0.374152
 0.061466
-0.602942
-0.602942
-0.602942
-0.602942
-0.602942
-0.602942
-0.602942
-0.602942
-0.602942
-0.602942
-0.418079
-0.602942
-0.280805
-0.602942
-0.602942
-0.602942
-0.602942
-0.602942
-0.602942
-0.602942
-0.602942
-0.602942
-0.127058
-0.602942
 0.354318
-0.602942
-0.602942
-0.602942
-0.602942
-0.602942
-0.602942
-0.602942
-0.602942
-0.602942
-0.357679
-0.602942
-0.602942
-0.073978
-0.392455
-0.602942
-0.602942
-0.602942
-0.602942
-0.602942
-0.602942
-0.602942
-0.339375
 0.105394
 0.720383
-0.463838
-0.553523
-0.602942
-0.602942
-0.602942
-0.602942
-0.602942
-0.602942
-0.602942
-0.602942
-0.602942
-0.024559
-0.253350
-0.602942
-0.602942
-0.602942
-0.602942
-0.602942
-0.602942
-0.602942
-0.602942
-0.308260
-0.101433
 0.773463
-0.123397
-0.238707
-0.602942
-0.602942
-0.602942
-0.602942
-0.602942
-0.602942
-0.602942
-0.602942
-0.602942
 0.098073
-0.602942
-0.602942
-0.602942
-0.602942
-0.602942
-0.602942
-0.602942
-0.602942
-0.602942
-0.277144
 0.390925
-0.602942
-0.447365
-0.516917
-0.602942
-0.602942
-0.602942
-0.602942
-0.602942
-0.602942
-0.602942
-0.602942
-0.602942
-0.524238
-0.602942
-0.494953
-0.602942
-0.602942
-0.602942
-0.602942
-0.602942
-0.602942
-0.602942
-0.463838
 0.213383
-0.386964
-0.602942
-0.602942
-0.602942
-0.602942
-0.602942
-0.602942
-0.602942
-0.602942
-0.602942
-0.357679
 1.071810
 1.033370
-0.602942
-0.432722
-0.602942
-0.602942
-0.602942
-0.602942
-0.602942
-0.602942
-0.602942
-0.602942
-0.602942
-0.233216
 0.498914
-0.502274
-0.602942
-0.602942
-0.602942
-0.602942
-0.602942
-0.602942
-0.602942
-0.304599
 0.176777
-0.460177
-0.602942
-0.602942
-0.602942
-0.602942
-0.602942
-0.602942
-0.602942
-0.602942
-0.602942
-0.429061
-0.602942
-0.471159
-0.602942
-0.602942
-0.602942
-0.602942
-0.602942
-0.602942
-0.602942
-0.602942
-0.602942
-0.041032
-0.544372
 0.645340
-0.591960
-0.560845
-0.602942
-0.602942
-0.602942
-0.602942
-0.602942
-0.602942
-0.602942
-0.368661
-0.602942
-0.602942
 0.301239
-0.348527
-0.602942
-0.602942
-0.602942
-0.602942
-0.602942
-0.602942
-0.602942
-0.231386
 0.396416
 1.005910
-0.397946
-0.535220
-0.602942
-0.602942
-0.602942
-0.602942
-0.602942
-0.602942
-0.602942
-0.602942
-0.602942
 0.520878
-0.094112
-0.602942
-0.602942
-0.602942
-0.602942
-0.602942
-0.602942
-0.602942
-0.602942
-0.238707
 0.625206
 1.190780
 0.237177
-0.194780
-0.602942
-0.602942
-0.602942
-0.602942
-0.602942
-0.602942
-0.602942
-0.403437
-0.033711
 0.125527
-0.602942
-0.602942
-0.602942
-0.602942
-0.602942
-0.602942
-0.602942
-0.602942
-0.602942
-0.145361
 0.595921
-0.280805
-0.322902
-0.498614
-0.602942
-0.602942
-0.602942
-0.602942
-0.602942
-0.602942
-0.602942
-0.602942
-0.602942
-0.026390
-0.602942
-0.344866
-0.602942
-0.602942
-0.602942
-0.602942
-0.602942
-0.602942
-0.602942
-0.335715
 0.746008
 0.006556
-0.361339
-0.602942
-0.602942
-0.602942
-0.602942
-0.602942
-0.602942
-0.602942
-0.602942
-0.321072
 1.589790
 1.565990
-0.602942
-0.330224
-0.602942
-0.602942
-0.602942
-0.602942
-0.602942
-0.602942
-0.602942
-0.586469
-0.513256
 0.023029
 0.980290
-0.478480
-0.602942
-0.602942
-0.602942
-0.602942
-0.602942
-0.602942
-0.602942
-0.249689
 0.689268
-0.602942
-0.602942
-0.602942
-0.602942
-0.602942
-0.602942
-0.602942
-0.602942
-0.602942
-0.602942
-0.397946
-0.602942
-0.602942
-0.602942
-0.602942
-0.602942
-0.602942
-0.602942
-0.602942
-0.602942
-0.602942
-0.602942
-0.125227
-0.518747
 0.480611
-0.602942
-0.434552
-0.602942
-0.601112
-0.602942
-0.602942
-0.602942
-0.602942
-0.602942
-0.602942
-0.443704
-0.602942
 0.409228
-0.149021
-0.602942
-0.602942
-0.602942
-0.602942
-0.602942
-0.602942
-0.602942
-0.310090
 0.623376
 1.055330
-0.557184
-0.551693
-0.602942
-0.602942
-0.602942
-0.602942
-0.602942
-0.602942
-0.602942
-0.602942
-0.602942
 0.535520
-0.020899
-0.602942
-0.602942
-0.602942
-0.602942
-0.602942
-0.602942
-0.602942
-0.602942
-0.095942
 0.573957
 1.091940
 0.264632
 0.072448
-0.602942
-0.602942
-0.602942
-0.602942
-0.602942
-0.602942
-0.602942
-0.319242
-0.119736
-0.289957
-0.602942
-0.602942
-0.602942
-0.602942
-0.602942
-0.602942
-0.602942
-0.602942
-0.602942
-0.170985
 0.614224
-0.119736
-0.445534
-0.311920
-0.602942
-0.602942
-0.602942
-0.602942
-0.602942
-0.602942
-0.602942
-0.602942
-0.602942
 0.195080
-0.480310
-0.020899
-0.602942
-0.602942
-0.602942
-0.602942
-0.602942
-0.602942
-0.602942
-0.385134
 0.925380
 0.101733
-0.160003
-0.602942
-0.602942
-0.602942
-0.602942
-0.602942
-0.602942
-0.602942
-0.602942
-0.357679
 1.547690
 1.615410
-0.602942
-0.313751
-0.602942