-0.126840
-0.847561
-0.894438
-0.908808
-0.931235
-0.900845
-0.936297
-0.950517
-0.953028
-0.967701
-0.968564
-0.951393
-0.957200
-0.963462
-0.944510
-0.932568
-0.493952
-0.727084
-0.932432
-0.907468
-0.752186
-0.610018
-0.685694
-0.609524
-0.905780
-0.914104
-0.890992
-0.926840
-0.928910
-0.944757
-0.943185
-0.830974
-0.898087
-0.963199
-0.955231
-0.935745
-0.957208
-0.943528
-0.963252
-0.957503
-0.961676
-0.948003
-0.946806
-0.931503
-0.386123
-0.826281
-0.958942
-0.966913
-0.904314
-0.908811
-0.973910
-0.963300
-0.957721
-0.931400
-0.926303
-0.905987
-0.962371
-0.986919
-0.981164
-0.978749
-0.977005
-0.971744
-0.970151
-0.966491
-0.965535
-0.939851
-0.813354
-0.895361
-0.944669
-0.963515
-0.974027
-0.975845
-0.967534
-0.966504
-0.973241
-0.953320
-0.957054
-0.958772
-0.965055
 0.446231
 0.459678
 0.755572
 0.834755
 0.687217
 0.501415
 0.474091
 0.652256
 0.716043
 0.546192
 0.548294
 0.781601
 0.819100
 0.573447
 0.434620
 0.644325
 0.743975
 0.712646
 0.659736
 0.584877
 0.588336
 0.657748
 0.592782
 0.599439
 0.696778
 0.721034
 0.729676
 0.665100
 0.630851
 0.712566
 0.903246
 0.899801
 1.199500
 0.975353
 0.647560
 0.924420
 1.197420
 1.346840
 1.336290
 1.328560
 1.811420
 2.104390
 1.728680
 1.386090
 1.614730
 1.900580
 1.920710
 2.590530
 2.359200
 2.157330
 2.076700
 2.390160
 2.556150
 2.374780
 1.716610
 0.989315
 0.700268
 0.899743
 1.293630
 0.960703
 0.741292
 1.337290
 1.384460
 1.871850
 2.220050
 1.555390
 1.367760
 1.732330
 1.778700
 1.727630
 1.955100
 2.104170
 2.094150
 1.680900
 1.676490
 1.894820
 1.965440
 2.202420
 2.394430
 0.015613
-0.888484
-0.914024
-0.794492
-0.901265
-0.861295
-0.896131
-0.945980
-0.948329
-0.936602
-0.947854
-0.283043
-0.894228
-0.898326
-0.952887
-0.923073
-0.952396
-0.963051
-0.961546
-0.973029
-0.955526
-0.966690
-0.972853
-0.640774
-0.831367
-0.896351
-0.949951
-0.935278
-0.918592
-0.951085
-0.976628
-0.972540
-0.941794
-0.922409
 0.370196
-0.837371
-0.907139
-0.925117
-0.910661
-0.936624
-0.911747
-0.886358
-0.946474
-0.947305
-0.917650
-0.675772
-0.950910
-0.941924
-0.971086
-0.970183
-0.961264
-0.959857
-0.962061
-0.972118
-0.981998
-0.987556
-0.826037
-0.915715
-0.961479
-0.950326
-0.959873
-0.979104
-0.983744
-0.977427
-0.972625
-0.969363
-0.971157
-0.963924
-0.974993
 0.482970
 0.529249
 0.596745
 0.499127
 0.366320
 0.553412
 0.465087
 0.395290
 0.532973
 0.489593
 0.359483
 0.257522
 0.408761
 0.377612
 0.197682
 0.535176
 0.721480
 0.736453
 0.603962
 0.582581
 0.564874
 0.482797
 0.590637
 0.772462
 0.682290
 0.557954
 0.597576
 0.446262
 0.328933
 1.476890
 1.111630
 0.675336
 0.833274
 0.894699
 0.515491
 0.954943
 1.046780
 1.142380
 1.120520
 1.234110
 1.356950
 1.165390
 1.163490
 0.971549
 1.055100
 1.035280
 1.189830
 1.307790
 0.977853
 1.001240
 0.839148
 0.616592
 0.734749
 0.713296
 0.881709
 1.100810
 0.812883
 1.071960
 1.019710
 0.605300
 1.283440
 0.855138
 0.984861
 0.986549
 0.947370
 0.910055
 0.783783
 0.582138
 1.052450
 0.821380
 0.781094
 0.870677
 0.974331
 0.812198
 0.715029
 1.113290
-0.081448
-0.542904
-0.557251
-0.520878
-0.773950
-0.727763
-0.737391
-0.867878
-0.913538
-0.909010
-0.859535
-0.863400
-0.852873
-0.825925
-0.833034
-0.428245
-0.760704
-0.909828
-0.852870
-0.898889
-0.902167
-0.905262
-0.906794
-0.927230
-0.924445
-0.906778
-0.163304
-0.757129
-0.939291
-0.882087
-0.863806
-0.873826
-0.905634
-0.927567
-0.886944
-0.869983
-0.921539
-0.883326
-0.874827
-0.691120
-0.883098
-0.869744
-0.889559
-0.919675
-0.931153
-0.900585
-0.902456
-0.870097
-0.874554
-0.914399
-0.898706
-0.552680
-0.780060
-0.933491
-0.944061
-0.959735
-0.953511
-0.944807
-0.946408
-0.941805
-0.946771
-0.947830
-0.950618
-0.942283
-0.950291
-0.967486
-0.906759
-0.324693
-0.480802
-0.855864
-0.945449
-0.936353
-0.903563
-0.894589
-0.921483
-0.941699
-0.938614
-0.936244
-0.914584
-0.919529
-0.924780
 0.151360
 0.015782
 0.199081
 0.213741
 0.044975
 0.053010
 0.144504
 0.294851
 0.234321
 0.075968
 0.074981
 0.304598
 0.461005
 0.366952
 0.139453
 0.087658
 0.556621
 0.201122
 0.057167
 0.188721
 0.242093
 0.182756
 0.228879
 0.346593
 0.432003
 0.275819
 0.201648
 0.238950
 0.328023
 0.259776
 0.218954
 0.211076
 0.242650
 0.443794
 0.074808
 0.105410
 0.299167
 0.274054
 0.278389
 0.287161
 0.260920
 0.417446
 0.704977
 0.525963
 0.317658
 0.559419
 0.347063
 0.299905
 0.130529
 0.171783
 0.491498
 0.521880
 0.095005
 0.254926
 0.791566
 0.503510
 0.666682
 0.950972
 0.729846
 0.312638
 0.612644
 0.569837
 0.475490
 0.619575
 0.409738
 0.525103
 0.557234
 0.790135
 0.658900
 0.468376
 0.712402
 0.780460
 0.664960
 0.598250
 0.735083
 0.554030
 0.711226
 0.670852
 0.633097
 0.978416
 0.894609
 0.643013
 0.305912
 0.496897
-0.612534
-0.494717
-0.772062
-0.782553
-0.858524
-0.950371
-0.901124
-0.798890
-0.813811
-0.796310
-0.834547
-0.765689
-0.778611
-0.756367
-0.546687
-0.788989
-0.799042
-0.898982
-0.873797
-0.855758
-0.914985
-0.851800
-0.863421
-0.674737
-0.908405
-0.839030
-0.830647
-0.875148
-0.937112
-0.942339
-0.932730
-0.891340
-0.835815
-0.913464
-0.786725
-0.899359
-0.884898
-0.932087
-0.931272
-0.908285
 1.328690
-0.612027
-0.877760
-0.927909
-0.931517
-0.911041
-0.837106
-0.811849
-0.704339
-0.503749
-0.391724
-0.420402
-0.663079
-0.880669
-0.977907
-0.940775
-0.782473
-0.771951
-0.923307
-0.956670
-0.968089
-0.960226
-0.946862
-0.957177
-0.525683
-0.894889
-0.922250
-0.955934
-0.967746
-0.961097
-0.969902
-0.982616
-0.977862
-0.978666
-0.972837
-0.967152
-0.011483
-0.053006
-0.032331
-0.051071
-0.069298
 0.102217
 0.159926
-0.021018
-0.071228
 0.002160
 0.120025
 0.052344
-0.020235
-0.006806
 0.146137
 0.068647
 0.045687
 0.147100
 0.018532
-0.050659
 0.139530
 0.133361
 0.017855
-0.089084
 0.097049
 0.161638
-0.022332
-0.098016
 0.113180
 0.462945
 0.450908
 0.491079
 0.420860
 0.607864
 0.593098
 0.490320
 0.149513
 0.418726
 0.344438
 0.482813
 0.507520
 0.487074
 0.322016
 0.354564
 0.442233
 0.449819
 0.529698
 0.400888
 0.436882
 0.666444
 0.597785
 0.989917
 1.080040
 1.036980
 0.997825
 0.746317
 0.594669
 0.775249
 0.920858
 0.916131
 0.922828
 0.627652
 0.670821
 0.927303
 0.800402
 0.596832
 0.702989
 0.656702
 0.689080
 0.759151
 0.840247
 0.984569
 0.889935
 0.741863
 0.781904
-0.389237
-0.760248
-0.832017
-0.851784
-0.808510
-0.897071
-0.948608
-0.950514
-0.920987
-0.915734
-0.309003
-0.802001
-0.947751
-0.954888
-0.943676
-0.947196
-0.967553
-0.936703
-0.658574
-0.536866
-0.794691
-0.562499
-0.464231
-0.863379
-0.910274
-0.905883
-0.953131
-0.957296
-0.930452
-0.913090
-0.904630
-0.925775
-0.928278
-0.452366
-0.846414
-0.843081
-0.860148
-0.838417
-0.842393
-0.834032
-0.807578
-0.718954
-0.690833
-0.785510
-0.866638
-0.849533
-0.910510
 0.046640
-0.605866
-0.607639
-0.707686
-0.848275
-0.959831
-0.974369
-0.920538
-0.927673
-0.980368
-0.971234
-0.957506
-0.671411
-0.866805
-0.954262
-0.964285
-0.963672
-0.846919
-0.810519
-0.920514
-0.852031
-0.841921
-0.949452
-0.978791
 1.628850
 1.643020
 1.719320
 1.676780
 1.670810
 1.823530
 1.657780
 1.312630
 1.469940
 1.546360
 1.327410
 1.571240
 1.427390
 1.796560
 1.662470
 1.476220
 1.436450
 1.539180
 1.604420
 1.711970
 1.602340
 1.520960
 1.445160
 1.484080
 1.482190
 1.317850
 0.559323
 0.463909
 0.568515
 0.621245
 0.856182
 0.649317
 0.585368
 0.662945
 0.419188
 0.553093
 0.490548
 0.890484
 0.761516
 0.778058
 0.493325
 0.379457
 0.486874
 0.564674
 0.430819
 1.181580
 1.361760
 1.517820
 1.053600
 0.667858
 0.638692
 0.937716
 1.000890
 0.487397
 0.641476
 0.611922
 0.588107
 0.615448
 0.804333
 0.926048
 1.540280
 1.782500
 1.433080
 0.767538
 0.693967
 0.589485
 0.470624
 0.634562
 0.671665
 0.545812
 0.769354
 0.684114
 0.515271
-0.068407
 0.105862
-0.784716
-0.733277
-0.790248
-0.876231
-0.865383
-0.905236
-0.899977
-0.929258
-0.937115
 0.150288
-0.617965
-0.773443
-0.927134
-0.952725
-0.808520
-0.758342
-0.860289
-0.918738
-0.900880
-0.953437
-0.866962
 0.911350
-0.495120
-0.872669
 0.933660
 1.845380
 2.798980
 1.447270
 0.914466
-0.697772
-0.713878
-0.761368
-0.838807
-0.594965
-0.864403
-0.845523
-0.883002
-0.915558
-0.896582
-0.865000
-0.877436
-0.644875
-0.361082
-0.481060
-0.745245
-0.927140
-0.781236
-0.904309
-0.914913
-0.884696
-0.842353
-0.726362
-0.727928
-0.804024
-0.836094
-0.906709
-0.899048
-0.794776
-0.909246
-0.944674
-0.916434
-0.790123
-0.795936
-0.771715
-0.882957
-0.843205
-0.835030
-0.932265
-0.923147
-0.915463
-0.822822
-0.813718
 1.634610
 1.659770
 1.564850
 1.732790
 1.746510
 1.636440
 1.446840
 1.619050
 2.146170
 1.943130
 1.710200
 1.660010
 1.500770
 1.616280
 1.887930
 1.787020
 1.511280
 1.373770
 1.647280
 1.736050
 1.693580
 1.607340
 1.813700
 1.795090
 1.744100
 1.750250
 2.049150
 1.990050
 1.827880
 1.895250
 1.968430
 2.168590
 2.327930
 2.683750
 2.310860
 2.447430
 2.468490
 2.148280
 2.214700
 1.924250
 1.364450
 1.353730
 1.457200
 1.501560
 1.442550
 1.293540
 1.151310
 1.053930
 1.308050
 1.521420
 1.767550
 1.440060
 1.285650
 1.616770
 1.577000
 1.463120
 1.590520
 1.539680
 1.289720
 1.359820
 1.632490
 1.612510
 1.419350
 2.043120
 2.222660
 2.169390
 2.156490
 2.580720
 2.755910
 2.383710
-0.500049
-0.747061
-0.803167
-0.900421
-0.909180
-0.924573
-0.894637
-0.953800
-0.943050
-0.944828
-0.954607
-0.961166
-0.655434
-0.965081
-0.974847
-0.959369
-0.945062
-0.971842
-0.964988
-0.970072
-0.977284
-0.937340
-0.617046
-0.630310
-0.936483
-0.965986
-0.980251
-0.980126
-0.967030
-0.968516
-0.982218
-0.983492
-0.975956
-0.972155
-0.972333
-0.619855
-0.918603
-0.964120
-0.962937
-0.975144
-0.981177
-0.981934
-0.968264
-0.962451
-0.967614
-0.968941
-0.939894
-0.558682
-0.892975
-0.935644
-0.959321
-0.971715
-0.967834
-0.974937
-0.970464
-0.977337
-0.987965
-0.976078
-0.970202
-0.965798
-0.952646
-0.959135
 1.607070
-0.651078
-0.870015
-0.898597
-0.938166
-0.925465
-0.884590
-0.936172
-0.935119
-0.957227
-0.963157
-0.948499
-0.959051
-0.968683
-0.967295
-0.859299
 0.655062
 0.798738
 0.702018
 0.772040
 0.788126
 0.761728
 0.727030
 0.814171
 1.003990
 0.841049
 0.601419
 0.657151
 0.675447
 0.720659
 0.699525