 1.084560
 0.981835
 0.840595
 1.020360
 0.968995
 1.071710
 0.968995
 1.071710
 0.763554
 0.609474
 0.699355
 0.686514
 0.596634
 0.609474
 0.493914
 0.737874
 1.200110
 1.315680
 1.585320
 1.611000
 1.572470
 1.367040
 1.379880
 1.187280
 0.943316
 1.007520
 0.763554
 0.853435
 0.776395
 0.622314
 0.545273
 0.532433
 0.545273
 0.468233
 0.455393
 0.365513
 0.352673
 0.314152
 0.262792
 0.288473
 0.275633
 0.596634
 0.532433
 0.699355
 0.789235
 0.776395
 0.789235
 0.545273
 0.442553
 0.391193
 0.365513
 0.365513
 0.314152
 0.301313
 0.288473
 0.275633
 0.262792
 0.185752
 0.057351
-0.109570
-0.096730
-0.071049
 0.031671
 0.275633
 0.673674
 1.161600
 1.161600
 1.110240
 1.110240
 1.007520
 0.956155
 0.943316
 0.904795
 0.891955
 0.904795
 0.853435
 0.853435
 0.802075
 0.750714
 0.558114
 0.455393
 0.262792
 0.211432
 0.185752
 0.185752
 0.172912
 0.160072
 0.172912
 0.185752
 0.301313
 0.249952
 0.301313
 0.224272
 0.224272
 0.031671
-0.225129
-0.456251
-0.610332
-0.623172
-0.494771
-0.546131
-0.610332
-0.610332
-0.546131
-0.674532
-0.623172
-0.597492
-0.623172
-0.674532
-0.700212
-0.751572
-0.790092
-0.802933
-0.802933
-0.790092
-0.764412
-0.777252
-0.764412
-0.764412
-0.790092
-0.790092
-0.815773
-0.841453
-0.867133
-0.867133
-0.879973
-0.892813
-0.879973
-0.892813
-0.957016
-0.982696
-1.008380
-0.995531
-1.059740
-1.034060
-0.982696
-0.931335
-0.764412
-0.674532
-0.661692
-0.520452
-0.481931
-0.597492
-0.661692
-0.790092
-0.790092
-0.854292
-0.879973
-0.854292
-0.944171
-0.931335
-0.931335
-0.918493
-0.969851
-0.969851
-0.969851
-0.969851
-0.957016
-0.944171
-0.905653
-0.777252
-0.623172
-0.610332
-0.533291
-0.481931
-0.520452
-0.571811
-0.610332
-0.725893
-0.777252
-0.777252
-0.879973
-1.021210
-1.021210
-1.111100
-1.200970
-1.265170
-1.290850
-1.303700
-1.342210
-1.329380
-1.278020
-1.175290
-1.123930
-0.828613
-0.636012
-0.302171
-0.058209
-0.096730
-0.199450
-0.173770
-0.417731
-0.507611
-0.327850
-0.417731
-0.494771
-0.430570
-0.315011
-0.276490
-0.263650
-0.546131
-0.623172
-0.648851
-0.558971
-0.584652
-0.610332
-0.597492
-0.648851
-0.623172
-0.648851
-0.623172
-0.546131
-0.507611
-0.648851
-0.648851
-0.623172
-0.725893
-0.674532
-0.777252
-0.802933
-0.751572
-0.841453
-0.802933
-0.854292
-0.867133
-0.854292
-0.867133
-0.854292
-0.879973
-0.905653
-0.892813
-0.892813
-0.879973
-0.854292
-0.854292
-0.802933
-0.828613
-0.815773
-0.802933
-0.828613
-0.815773
-0.854292
-0.841453
-0.867133
-1.252330
-1.046890
-0.969851
-0.995531
-0.957016
-0.931335
-0.918493
-0.905653
-0.931335
-0.931335
-0.944171
-0.879973
-0.713052
-0.610332
-0.533291
-0.558971
-0.469091
-0.443411
-0.494771
-0.520452
-0.571811
-0.674532
-0.713052
-0.777252
-0.841453
-0.867133
-0.931335
-0.931335
-0.931335
-0.995531
-0.879973
-0.931335
-0.841453
-0.700212
-0.713052
-0.558971
-0.340690
 0.057351
-0.019689
 0.262792
 0.249952
 0.249952
-0.032529
 0.095871
-0.006849
-0.071049
-0.237970
-0.212290
-0.353530
-0.250810
-0.302171
-0.315011
-0.430570
 0.070192
 0.057351
-0.032529
-0.212290
-0.122409
-0.032529
 0.044511
 0.160072
 0.083032
 0.237112
 0.314152
 0.224272
 0.031671
 0.005991
-0.160930
-0.199450
-0.225129
-0.276490
-0.340690
-0.302171
-0.276490
-0.276490
-0.327850
-0.263650
-0.225129
-0.237970
-0.302171
-0.263650
-0.237970
-0.225129
-0.237970
-0.109570
-0.148089
-0.019689
-0.045369
 0.108712
 0.095871
 0.121552
-0.083890
 0.005991
 0.005991
 0.005991
 0.018831
 0.083032
 0.083032
 0.018831
 0.070192
 0.083032
 0.134392
-0.096730
-0.006849
-0.071049
-0.032529
 0.031671
 0.031671
 0.147232
 0.429713
 0.506754
 0.622314
 0.558114
 0.545273
 0.468233
 0.249952
 0.198592
 0.172912
 0.224272
 0.160072
 0.044511
 0.211432
 0.198592
 0.211432
 0.160072
 0.262792
 0.237112
 0.262792
 0.288473
 0.262792
 0.455393
 0.481073
 0.455393
 0.686514
 0.904795
 1.097390
 1.084560
 1.084560
 0.994676
 0.750714
 0.635154
 0.519594
 0.442553
 0.326992
 0.288473
 0.237112
 0.314152
 0.262792
 0.224272
 0.160072
 0.121552
 0.237112
 0.237112
 0.237112
 0.249952
 0.237112
 0.570954
 0.802075
 1.110240
 1.174430
 1.302840
 1.302840
 1.135920
 0.814915
 0.673674
 0.596634
 0.583794
 0.442553
 0.493914
 0.391193
 0.570954
 0.493914
 0.404033
 0.416874
 0.404033
 0.352673
 0.275633
 0.352673
 0.339832
 0.378353
 0.570954
 0.776395
 0.981835
 1.174430
 1.264320
 1.264320
 1.058880
 0.802075
 0.609474
 0.493914
 0.416874
 0.352673
 0.275633
 0.249952
 0.172912
 0.160072
 0.121552
 0.108712
 0.070192
 0.018831
-0.006849
-0.058209
-0.006849
 0.031671
 0.288473
 0.404033
 0.622314
 0.699355
 0.763554
 0.802075
 0.699355
 0.506754
 0.506754
 0.326992
 0.262792
 0.147232
 0.057351
 0.018831
 0.005991
-0.032529
 0.018831
-0.045369
-0.083890
-0.083890
-0.135249
-0.237970
-0.417731
-0.494771
-0.469091
-0.469091
-0.353530
-0.237970
-0.289330
-0.250810
-0.276490
-0.340690
-0.494771
-0.571811
-0.597492
-0.636012
-0.661692
-0.700212
-0.725893
-0.764412
-0.777252
-0.777252
-0.790092
-0.790092
-0.879973
-0.879973
-0.931335
-0.931335
-0.944171
-0.879973
-0.790092
-0.610332
-0.713052
-0.661692
-0.674532
-0.700212
-0.828613
-0.944171
-0.969851
-1.034060
-1.072570
-1.098250
-1.111100
-1.136780
-1.149610
-1.239490
-1.226650
-1.265170
-1.303700
-1.355060
-1.393570
-1.393570
-1.355060
-1.213820
-1.008380
-0.892813
-0.841453
-0.790092
-0.815773
-0.957016
-1.098250
-1.149610
-1.213820
-1.290850
-1.380740
-1.419250
-1.534820
-1.457780
-1.496290
-1.521970
-1.586180
-1.727420
-1.663220
-1.624700
-1.611860
-1.573330
-1.509140
-1.393570
-1.342210
-1.111100
-1.046890
-1.046890
-1.046890
-1.188140
-1.252330
-1.303700
-1.329380
-1.342210
-1.355060
-1.367890
-1.380740
-1.470610
-1.521970
-1.599010
-1.599010
-1.573330
-1.547650
-1.534820
-1.521970
-1.496290
-1.393570
-1.316530
-1.046890
-1.021210
-0.918493
-0.905653
-0.918493
-1.072570
-1.162460
-1.290850
-1.380740
-1.483460
-1.496290
-1.483460
-1.573330
-1.688900
-1.701740
-1.701740
-1.714580
-1.753100
-1.663220
-1.624700
-1.586180
-1.380740
-1.175290
-0.879973
-0.674532
-0.661692
-0.610332
-0.494771
-0.571811
-0.584652
-0.481931
-0.571811
-0.700212
-0.854292
-0.957016
-0.944171
-0.905653
-0.905653
-0.931335
-0.905653
-0.918493
-0.892813
-0.867133
-0.790092
-0.815773
-0.892813
-0.892813
-0.892813
-0.828613
-0.828613
-0.725893
-0.700212
-0.687372
-0.700212
-0.687372
-0.661692
-0.687372
-0.700212
-0.636012
-0.636012
-0.584652
-0.597492
-0.610332
-0.610332
-0.700212
-0.790092
-0.828613
-0.802933
-0.764412
-0.687372
-0.571811
-0.507611
-0.494771
-0.443411
-0.276490
-0.250810
-0.276490
-0.430570
-0.558971
-0.687372
-0.700212
-0.648851
-0.700212
-0.674532
-0.648851
-0.571811
-0.597492
-0.636012
-0.674532
-0.738733
-0.802933
-0.828613
-0.879973
-0.879973
-0.892813
-0.905653
-0.815773
-0.802933
-0.854292
-0.905653
-0.905653
-0.931335
-1.008380
-1.008380
-1.008380
-1.021210
-1.046890
-0.995531
-1.034060
-1.098250
-1.085420
-1.136780
-0.982696
-1.213820
-1.213820
-1.175290
-1.136780
-1.188140
-1.162460
-0.905653
-0.969851
-0.841453
-0.841453
-0.918493
-1.008380
-1.021210
-1.123930
-1.188140
-1.252330
-1.265170
-1.367890
-1.457780
-1.457780
-1.586180
-1.637540
-1.765930
-1.868650
-1.881500
-1.932860
-1.984220
-1.958540
-1.907180
-1.881500
-1.470610
-1.278020
-1.085420
-1.098250
-1.021210
-1.111100
-1.265170
-1.265170
-1.316530
-1.380740
-1.380740
-1.419250
-1.380740
-1.419250
-1.419250
-1.342210
-1.367890
-1.367890
-1.329380
-1.316530
-1.265170
-1.149610
-1.226650
-1.072570
-0.687372
-0.481931
-0.327850
-0.237970
-0.199450
-0.250810
-0.340690
-0.379211
-0.392051
-0.520452
-0.520452
-0.481931
-0.558971
-0.315011
-0.340690
-0.289330
-0.250810
-0.276490
-0.327850
-0.392051
-0.340690
-0.276490
-0.237970
-0.302171
-0.109570
 0.108712
 0.160072
 0.198592
 0.198592
 0.005991
-0.032529
-0.135249
-0.225129
-0.225129
-0.199450
-0.250810
-0.148089
-0.212290
-0.263650
-0.148089
-0.160930
-0.135249
-0.109570
-0.096730
-0.032529
-0.058209
-0.032529
 0.005991
 0.121552
 0.172912
 0.185752
 0.044511
 0.288473
 0.095871
 0.121552
 0.083032
 0.134392
 0.044511
-0.019689
-0.096730
-0.083890
-0.096730
-0.122409
-0.109570
-0.135249
-0.186610
-0.212290
-0.186610
-0.109570
-0.109570
-0.058209
-0.032529
 0.262792
 0.301313
 0.596634
 0.660834
 0.622314
 0.481073
 0.391193
 0.301313
 0.185752
 0.005991
 0.172912
 0.160072
 0.249952
-0.096730
 0.005991
 0.083032
 0.044511
-0.006849
-0.058209
-0.006849
-0.045369
-0.083890
-0.083890
 0.070192
 0.172912
 0.275633
 0.545273
 0.622314
 0.558114
 0.416874
 0.314152
 0.147232
 0.083032
 0.083032
-0.006849
 0.031671
 0.018831
-0.058209
 0.005991
-0.096730
-0.148089
-0.083890
-0.058209
-0.160930
-0.071049
 0.005991
-0.071049
 0.070192
 0.275633
 0.493914
 0.545273
 0.622314
 0.558114
 0.416874
 0.314152
 0.147232
 0.083032
 0.083032
-0.006849
 0.031671
 0.018831
-0.058209
 0.005991
-0.096730
-0.148089
-0.083890
-0.058209
-0.160930
-0.071049
 0.005991
-0.058209
 0.044511
 0.365513
 0.519594
 0.635154
 0.763554
 0.737874
 0.481073
 0.506754
 0.519594
 0.198592
 0.262792
 0.005991
-0.096730
 0.108712
 0.147232
 0.416874
 0.249952
 0.083032
 0.005991
 0.095871
 0.108712
 0.018831
-0.006849
 0.005991
 0.031671
 0.083032
 0.057351
-0.019689
 0.416874
 0.378353
 0.237112
 0.057351
-0.058209
 0.018831
-0.071049
-0.096730
-0.135249
-0.327850
-0.507611
-0.661692
-0.777252
-0.815773
-0.815773
-0.777252
-0.854292
-0.854292
-0.828613
-0.828613
-0.777252
-0.777252
-0.546131
-0.558971
-0.623172
-0.648851
-0.764412
-0.828613
-0.944171
-0.982696
-1.046890
-1.085420
-1.111100
-1.162460
-1.175290
-1.149610
-1.175290
-1.188140
-1.239490
-1.213820
-1.200970
-1.226650
-1.239490
-1.252330
-1.188140
-0.931335
-0.957016
-0.905653
-0.918493
-0.944171
-0.854292
-0.957016
-1.021210
-1.072570
-1.085420
-1.072570
-1.098250
-1.034060
-1.008380
-1.059740
-1.085420
-1.111100
-1.098250
-1.149610
-1.111100
-1.098250
-1.072570
-1.085420
-0.892813
-0.687372
-0.597492
-0.379211
-0.353530
-0.392051
-0.379211
-0.443411
-0.494771
-0.096730
-0.058209
-0.032529
-0.109570
-0.225129
-0.366370
-0.315011
-0.481931
-0.558971
-0.636012
-0.738733
-0.738733
-0.764412
-0.764412
-0.790092