 0.866501
 0.878688
 0.720260
 0.683700
 0.525271
 0.342470
 0.257162
 0.244976
 0.184042
 0.123107
 0.086547
 0.110921
 0.037800
-0.010947
-0.059694
-0.169375
-0.059694
 0.074360
 0.439964
 0.769007
 0.951809
 0.988369
 1.012740
 1.061490
 1.171170
 1.244290
 1.037110
 0.915249
 0.744634
 0.513084
 0.427777
 0.318096
 0.208415
 0.196229
 0.086547
 0.086547
 0.025613
-0.096255
-0.096255
-0.084068
-0.096255
 0.110921
 0.586205
 1.073670
 1.122420
 1.232110
 1.329600
 1.378350
 1.366160
 1.402720
 1.341790
 0.988369
 0.817754
 0.586205
 0.464337
 0.342470
 0.257162
 0.135294
 0.123107
 0.147480
 0.147480
-0.059694
-0.071881
-0.120628
-0.010947
 0.427777
 0.671513
 1.158980
 1.317410
 1.500210
 1.451470
 1.561150
 1.488020
 1.488020
 1.353980
 1.037110
 0.939622
 0.756821
 0.561831
 0.537458
 0.257162
 0.244976
 0.098734
 0.159668
 0.147480
 0.025613
 0.086547
-0.108442
 0.098734
 0.366843
 0.744634
 1.049300
 1.256480
 1.317410
 1.500210
 1.488020
 1.609890
 1.500210
 1.451470
 1.171170
 1.012740
 0.598392
 0.476524
 0.305909
 0.171855
 0.135294
 0.049987
-0.023134
 0.110921
-0.059694
-0.096255
-0.059694
-0.047508
 0.342470
 0.622765
 1.122420
 1.305230
 1.366160
 1.512400
 1.548960
 1.609890
 1.670830
 1.378350
 1.158980
 0.927435
 0.671513
 0.476524
 0.208415
 0.171855
 0.098734
 0.062173
 0.086547
 0.110921
-0.047508
-0.071881
-0.096255
-0.047508
 0.257162
 0.756821
 1.171170
 1.390540
 1.439290
 1.463650
 1.597710
 1.634270
 1.585520
 1.622080
 1.098050
 1.024930
 0.793381
 0.488711
 0.391217
 0.342470
 0.220602
 0.293723
 0.110921
 0.171855
 0.184042
 0.062173
 0.062173
 0.074360
 0.366843
 0.817754
 1.122420
 1.293040
 1.500210
 1.353980
 1.427100
 1.219920
 1.256480
 1.098050
 0.963996
 0.756821
 0.537458
 0.415590
 0.586205
 0.525271
 0.476524
 0.439964
 0.366843
 0.318096
 0.257162
 0.244976
 0.208415
 0.257162
 0.318096
 0.452151
 0.769007
 0.817754
 0.878688
 1.122420
 1.098050
 1.158980
 1.000560
 0.903062
 0.756821
 0.622765
 0.427777
 0.220602
 0.123107
 0.025613
-0.084068
-0.096255
-0.132815
-0.327804
-0.400925
-0.425298
-0.388738
-0.425298
-0.327804
-0.047508
 0.037800
 0.269349
 0.305909
 0.439964
 0.476524
 0.634953
 0.537458
 0.439964
 0.208415
 0.062173
-0.084068
-0.218122
-0.437485
-0.510606
-0.547166
-0.571540
-0.583726
-0.742154
-0.815276
-0.900583
-0.924957
-0.900583
-0.876210
-0.656847
-0.681220
-0.461859
-0.474045
-0.449672
-0.413112
-0.327804
-0.461859
-0.534979
-0.559353
-0.656847
-0.705594
-0.766528
-0.937143
-0.949332
-0.998080
-1.132130
-1.144310
-1.229620
-1.278370
-1.302750
-1.302750
-1.229620
-0.937143
-0.547166
-0.376551
-0.352178
-0.339991
-0.339991
-0.449672
-0.388738
-0.205936
-0.218122
-0.230309
-0.352178
-0.461859
-0.644660
-0.729967
-0.742154
-0.766528
-0.778715
-0.790901
-0.790901
-0.790901
-0.790901
-0.803089
-0.742154
-0.717781
-0.632473
-0.474045
-0.327804
-0.254683
-0.145002
-0.169375
-0.084068
-0.230309
-0.315617
-0.242496
-0.254683
-0.303430
-0.339991
-0.339991
-0.364365
-0.388738
-0.413112
-0.413112
-0.364365
-0.400925
-0.437485
-0.425298
-0.449672
-0.388738
-0.230309
-0.096255
-0.084068
 0.037800
 0.171855
 0.196229
 0.391217
 0.342470
 0.244976
 0.184042
 0.074360
-0.023134
-0.242496
-0.376551
-0.400925
-0.474045
-0.510606
-0.583726
-0.583726
-0.705594
-0.742154
-0.742154
-0.754341
-0.388738
 0.001239
 0.464337
 0.427777
 0.513084
 0.720260
 0.805568
 0.866501
 0.817754
 0.829941
 0.598392
 0.391217
 0.110921
 0.013426
-0.181562
-0.218122
-0.279056
-0.376551
-0.352178
-0.388738
-0.449672
-0.474045
-0.449672
-0.352178
-0.096255
 0.391217
 0.488711
 0.549645
 0.586205
 0.598392
 0.549645
 0.586205
 0.476524
 0.452151
 0.305909
 0.110921
-0.010947
-0.059694
-0.132815
-0.254683
-0.339991
-0.400925
-0.437485
-0.388738
-0.400925
-0.461859
-0.437485
-0.254683
-0.096255
 0.244976
 0.561831
 0.732447
 0.622765
 0.659327
 0.817754
 0.647140
 0.610578
 0.610578
 0.403403
 0.244976
 0.110921
 0.013426
 0.013426
-0.035321
-0.120628
-0.084068
-0.108442
-0.132815
-0.181562
-0.145002
-0.096255
-0.035321
 0.098734
 0.184042
 0.257162
 0.439964
 0.622765
 0.610578
 0.683700
 0.695887
 0.610578
 0.537458
 0.488711
 0.500898
 0.439964
 0.330283
 0.159668
 0.086547
 0.049987
 0.062173
-0.132815
-0.181562
-0.193749
-0.157189
-0.218122
-0.010947
 0.549645
 0.574018
 0.744634
 0.671513
 0.708074
 0.769007
 0.915249
 0.988369
 0.781194
 0.720260
 0.683700
 0.452151
-0.205936
-0.388738
-0.522792
-0.571540
-0.559353
-0.608100
-0.644660
-0.656847
-0.669034
-0.705594
-0.742154
-0.729967
-0.705594
-0.608100
-0.571540
-0.400925
-0.291243
-0.169375
-0.279056
-0.254683
-0.315617
-0.315617
-0.400925
-0.522792
-0.595913
-0.656847
-0.681220
-0.729967
-0.729967
-0.729967
-0.705594
-0.729967
-0.754341
-0.778715
-0.778715
-0.717781
-0.669034
-0.583726
-0.315617
-0.205936
-0.193749
-0.120628
-0.169375
-0.120628
-0.120628
-0.218122
-0.266869
-0.339991
-0.474045
-0.461859
-0.437485
-0.437485
-0.461859
-0.474045
-0.486232
-0.498419
-0.522792
-0.534979
-0.510606
-0.461859
-0.425298
-0.291243
-0.242496
-0.145002
-0.047508
-0.157189
-0.120628
-0.035321
-0.132815
-0.169375
-0.230309
-0.254683
-0.291243
-0.266869
-0.327804
-0.303430
-0.327804
-0.315617
-0.291243
-0.315617
-0.327804
-0.315617
-0.327804
-0.266869
-0.169375
 0.049987
 0.159668
 0.464337
 0.525271
 0.586205
 0.708074
 0.610578
 0.598392
 0.525271
 0.439964
 0.415590
 0.305909
 0.269349
 0.257162
 0.220602
 0.208415
 0.159668
 0.098734
 0.074360
 0.049987
 0.049987
 0.049987
 0.062173
 0.110921
 0.159668
 0.257162
 0.330283
 0.379030
 0.427777
 0.439964
 0.586205
 0.561831
 0.415590
 0.379030
 0.342470
 0.232789
 0.196229
 0.159668
 0.074360
 0.013426
 0.025613
 0.037800
-0.010947
-0.084068
-0.084068
-0.120628
-0.096255
-0.120628
-0.120628
-0.120628
-0.071881
-0.096255
-0.071881
-0.010947
 0.037800
 0.013426
 0.001239
-0.059694
-0.108442
-0.181562
-0.193749
-0.242496
-0.279056
-0.291243
-0.254683
-0.254683
-0.291243
-0.266869
-0.254683
-0.254683
-0.242496
-0.218122
-0.132815
-0.096255
 0.025613
-0.010947
 0.062173
-0.132815
-0.120628
-0.181562
-0.254683
-0.291243
-0.327804
-0.339991
-0.364365
-0.400925
-0.413112
-0.364365
-0.437485
-0.474045
-0.498419
-0.510606
-0.534979
-0.522792
-0.474045
-0.425298
-0.339991
-0.279056
-0.218122
-0.010947
 0.001239
 0.049987
-0.059694
-0.084068
-0.035321
-0.157189
-0.181562
-0.352178
-0.413112
-0.388738
-0.449672
-0.474045
-0.486232
-0.486232
-0.571540
-0.534979
-0.620287
-0.608100
-0.547166
-0.461859
-0.486232
-0.352178
-0.035321
-0.291243
-0.059694
-0.352178
-0.157189
-0.120628
-0.352178
-0.352178
-0.364365
-0.352178
-0.486232
-0.352178
-0.449672
-0.388738
-0.486232
-0.498419
-0.449672
-0.498419
-0.522792
-0.510606
-0.486232
-0.352178
-0.254683
-0.242496
 0.001239
 0.098734
 0.074360
 0.037800
 0.062173
 0.184042
 0.269349
 0.330283
 0.257162
 0.147480
-0.010947
-0.096255
-0.169375
-0.230309
-0.303430
-0.254683
-0.352178
-0.364365
-0.437485
-0.400925
-0.376551
 0.208415
 0.732447
 1.110240
 1.353980
 1.524580
 1.622080
 1.743950
 1.829260
 1.731760
 1.780510
 1.561150
 1.329600
 0.927435
 0.683700
 0.537458
 0.439964
 0.281536
 0.244976
 0.293723
 0.293723
 0.342470
 0.464337
 0.476524
 0.586205
 0.647140
 0.903062
 0.988369
 1.195540
 1.293040
 1.244290
 1.256480
 1.366160
 1.402720
 1.268670
 1.183360
 1.073670
 0.890875
 0.793381
 0.549645
 0.366843
 0.232789
 0.147480
 0.135294
 0.098734
 0.025613
-0.071881
 0.062173
 0.025613
 0.622765
 1.049300
 1.232110
 1.305230
 1.439290
 1.475840
 1.536770
 1.707390
 1.658640
 1.585520
 1.341790
 1.207730
 0.951809
 0.963996
 0.659327
 0.561831
 0.464337
 0.598392
 0.293723
 0.232789
 0.257162
 0.123107
 0.123107
 0.208415
 0.829941
 1.280850
 1.402720
 1.500210
 1.609890
 1.597710
 1.634270
 1.622080
 1.488020
 1.366160
 1.268670
 1.146800
 1.000560
 1.158980
 1.073670
 1.037110
 0.939622
 0.988369
 0.915249
 0.866501
 0.829941
 0.647140
 0.695887
 0.634953
 0.951809
 0.634953
 0.330283
 0.513084
 0.756821
 0.963996
 1.049300
 0.915249
 0.976182
 0.805568
 0.732447
 0.708074
 0.610578
 0.330283
 0.049987
-0.023134
-0.047508
-0.181562
-0.315617
-0.315617
-0.303430
-0.279056
-0.279056
-0.218122
 0.379030
 0.622765
 0.732447
 0.878688
 1.000560
 1.024930
 0.927435
 0.976182
 0.513084
 0.391217
 0.293723
 0.244976
 0.220602
 0.196229
 0.220602
 0.196229
 0.184042
 0.159668
 0.147480
 0.123107
 0.123107
 0.123107
 0.098734
 0.098734
 0.135294
 0.147480
 0.159668
 0.147480
 0.220602
 0.305909
 0.354656
 0.391217
 0.366843
 0.354656
 0.318096
 0.269349
 0.220602
 0.196229
 0.208415
 0.184042
 0.171855
 0.184042
 0.171855
 0.171855
 0.171855
 0.171855
 0.184042
 0.208415
 0.257162
 0.330283
 0.598392
 0.720260
 0.769007
 0.903062
 0.890875
 1.183360
 0.805568
 0.805568
 0.671513
 0.561831
 0.513084
 0.415590
 0.403403
 0.354656
 0.366843
 0.391217
 0.305909
 0.293723
 0.257162
 0.147480
 0.244976
 0.305909
 0.756821
 1.061490
 1.171170
 1.061490
 1.134610
 1.049300
 0.829941
 1.110240
 1.268670
 0.817754
 0.793381
 0.598392
 0.488711
 0.366843
 0.366843
 0.342470
 0.318096
 0.281536
 0.184042
 0.123107
-0.023134
-0.059694
-0.071881
 0.208415
 0.634953
 1.037110
 1.061490
 1.024930
 1.024930
 1.061490
 1.122420
 1.171170
 1.158980
 1.146800
 1.146800
 1.024930
 0.890875
 0.793381
 0.586205
 0.574018
 0.500898
 0.379030
 0.281536
 0.318096
 0.293723
 0.208415
 0.110921
 0.074360
 0.001239
-0.132815
-0.096255
-0.071881
-0.071881
 0.062173
 0.415590
 0.537458
 0.634953
 0.708074
 0.500898
 0.305909
 0.184042
 0.013426
-0.023134
-0.157189
-0.193749
-0.230309
-0.230309
-0.279056
-0.303430
-0.364365
-0.303430
-0.047508
 0.464337
 0.903062
 1.073670
 1.207730
 1.244290
 1.293040
 1.244290
 1.268670
 1.366160
 1.268670
 1.232110
 1.085860
 0.939622
 0.634953
 0.525271
 0.525271
 0.293723
 0.257162
 0.196229
 0.171855
 0.135294
 0.135294
 0.098734
 0.269349
 0.732447
 1.049300
 1.390540
 1.548960
 1.536770
 1.561150
 1.938940
 1.731760
 1.731760
 1.597710
 1.524580
 1.293040
 1.110240
 0.915249
 0.744634
 0.586205
 0.513084
 0.427777
 0.366843
 0.305909
 0.232789
 0.220602
 0.342470