-1.268020e-12
-1.378050e-12
-1.488080e-12
-1.598100e-12
-1.708130e-12
-1.818160e-12
-1.928180e-12
-2.038210e-12
-2.148240e-12
-2.258260e-12
-2.367700e-12
-2.473550e-12
-2.572190e-12
-2.660010e-12
-2.733380e-12
-2.788680e-12
-2.822300e-12
-2.830620e-12
-2.810020e-12
-2.756880e-12
-2.666840e-12
-2.532610e-12
-2.346160e-12
-2.099450e-12
-1.784440e-12
-1.393110e-12
-9.174120e-13
-3.493220e-13
 3.191960e-13
 1.096180e-12
 1.989360e-12
 3.005320e-12
 4.150350e-12
 5.430740e-12
 6.852750e-12
 8.422690e-12
 1.014680e-11
 1.203150e-11
 1.408290e-11
 1.630730e-11
 1.870680e-11
 2.126580e-11
 2.396450e-11
 2.678300e-11
 2.970160e-11
 3.270040e-11
 3.575960e-11
 3.885930e-11
 4.197980e-11
 4.510120e-11
 4.819160e-11
 5.117110e-11
 5.394750e-11
 5.642880e-11
 5.852290e-11
 6.013780e-11
 6.118130e-11
 6.156150e-11
 6.118610e-11
 5.996330e-11
 5.778490e-11
 5.447870e-11
 4.985660e-11
 4.373040e-11
 3.591200e-11
 2.621310e-11
 1.444570e-11
 4.215780e-13
-1.604750e-11
-3.514960e-11
-5.706360e-11
-8.193080e-11
-1.098830e-10
-1.410530e-10
-1.755720e-10
-2.135720e-10
-2.551860e-10
-3.005450e-10
-3.497810e-10
-4.030270e-10
-4.603060e-10
-5.212140e-10
-5.852360e-10
-6.518600e-10
-7.205720e-10
-7.908580e-10
-8.622060e-10
-9.341030e-10
-1.006030e-09
-1.077490e-09
-1.147660e-09
-1.214600e-09
-1.276070e-09
-1.329840e-09
-1.373650e-09
-1.405280e-09
-1.422480e-09
-1.423010e-09
-1.404640e-09
-1.365120e-09
-1.301850e-09
-1.210770e-09
-1.087460e-09
-9.274780e-10
-7.264050e-10
-4.798130e-10
-1.832750e-10
 1.676370e-10
 5.773490e-10
 1.050290e-09
 1.590600e-09
 2.201320e-09
 2.885190e-09
 3.644960e-09
 4.483370e-09
 5.403180e-09
 6.407140e-09
 7.497990e-09
 8.678480e-09
 9.951360e-09
 1.131670e-08
 1.276400e-08
 1.428010e-08
 1.585180e-08
 1.746580e-08
 1.910910e-08
 2.076840e-08
 2.243050e-08
 2.408230e-08
 2.571050e-08
 2.729510e-08
 2.878870e-08
 3.013680e-08
 3.128500e-08
 3.217910e-08
 3.276460e-08
 3.298710e-08
 3.279230e-08
 3.212590e-08
 3.093340e-08
 2.915220e-08
 2.668660e-08
 2.343280e-08
 1.928660e-08
 1.414430e-08
 7.901760e-09
 4.551300e-10
-8.299550e-09
-1.846620e-08
-3.014890e-08
-4.344340e-08
-5.841360e-08
-7.511510e-08
-9.360380e-08
-1.139350e-07
-1.361660e-07
-1.603500e-07
-1.865450e-07
-2.148050e-07
-2.451870e-07
-2.776810e-07
-3.120160e-07
-3.478540e-07
-3.848590e-07
-4.226930e-07
-4.610210e-07
-4.995050e-07
-5.378080e-07
-5.755940e-07
-6.125250e-07
-6.481010e-07
-6.811680e-07
-7.104070e-07
-7.345010e-07
-7.521310e-07
-7.619800e-07
-7.627300e-07
-7.530610e-07
-7.316570e-07
-6.971990e-07
-6.481830e-07
-5.823600e-07
-4.972940e-07
-3.905500e-07
-2.596910e-07
-1.022840e-07
 8.410900e-08
 3.019220e-07
 5.535910e-07
 8.415520e-07
 1.168020e-06
 1.534300e-06
 1.941480e-06
 2.390660e-06
 2.882930e-06
 3.419380e-06
 4.001090e-06
 4.629150e-06
 5.304660e-06
 6.028710e-06
 6.800770e-06
 7.613890e-06
 8.459500e-06
 9.329050e-06
 1.021400e-05
 1.110570e-05
 1.199560e-05
 1.287530e-05
 1.373600e-05
 1.456930e-05
 1.536260e-05
 1.608810e-05
 1.671370e-05
 1.720760e-05
 1.753790e-05
 1.767260e-05
 1.758000e-05
 1.722800e-05
 1.658470e-05
 1.561840e-05
 1.429280e-05
 1.255520e-05
 1.034880e-05
 7.616460e-06
 4.301340e-06
 3.464680e-07
-4.305090e-06
-9.710270e-06
-1.592600e-05
-2.300930e-05
-3.101090e-05
-3.995700e-05
-4.986790e-05
-6.076350e-05
-7.266410e-05
-8.558970e-05
-9.956040e-05
-1.145960e-04
-1.307180e-04
-1.479450e-04
-1.662580e-04
-1.854800e-04
-2.053940e-04
-2.257840e-04
-2.464320e-04
-2.671220e-04
-2.876380e-04
-3.077620e-04
-3.272780e-04
-3.459700e-04
-3.635270e-04
-3.792720e-04
-3.924320e-04
-4.022370e-04
-4.079160e-04
-4.086980e-04
-4.038100e-04
-3.924830e-04
-3.739440e-04
-3.474230e-04
-3.120550e-04
-2.666070e-04
-2.097510e-04
-1.401600e-04
-5.650640e-05
 4.253620e-05
 1.582950e-04
 2.920980e-04
 4.452710e-04
 6.191420e-04
 8.148730e-04
 1.032970e-03
 1.273770e-03
 1.537620e-03
 1.824860e-03
 2.135820e-03
 2.470850e-03
 2.830290e-03
 3.214470e-03
 3.623750e-03
 4.057480e-03
 4.511170e-03
 4.979330e-03
 5.456500e-03
 5.937180e-03
 6.415910e-03
 6.887210e-03
 7.345590e-03
 7.785600e-03
 8.201740e-03
 8.589620e-03
 8.949160e-03
 9.281380e-03
 9.587260e-03
 9.867830e-03
 1.012410e-02
 1.035700e-02
 1.056760e-02
 1.075700e-02
 1.092600e-02
 1.107600e-02
 1.120940e-02
 1.132890e-02
 1.143720e-02
 1.153710e-02
 1.163110e-02
 1.172210e-02
 1.181270e-02
 1.190560e-02
 1.200350e-02
 1.210880e-02
 1.222190e-02
 1.234310e-02
 1.247250e-02
 1.261030e-02
 1.275660e-02
 1.291160e-02
 1.307550e-02
 1.324840e-02
 1.343050e-02
 1.362140e-02
 1.381790e-02
 1.401660e-02
 1.421380e-02
 1.440580e-02
 1.458910e-02
 1.476010e-02
 1.491500e-02
 1.505040e-02
 1.516260e-02
 1.524890e-02
 1.531040e-02
 1.534900e-02
 1.536700e-02
 1.536610e-02
 1.534850e-02
 1.531620e-02
 1.527120e-02
 1.521560e-02
 1.515120e-02
 1.508000e-02
 1.500270e-02
 1.491980e-02
 1.483190e-02
 1.473960e-02
 1.464330e-02
 1.454360e-02
 1.444100e-02
 1.433620e-02
 1.422960e-02
 1.412150e-02
 1.401130e-02
 1.389810e-02
 1.378110e-02
 1.365920e-02
 1.353170e-02
 1.339760e-02
 1.325610e-02
 1.310630e-02
 1.294730e-02
 1.277870e-02
 1.260290e-02
 1.242260e-02
 1.224070e-02
 1.206000e-02
 1.188320e-02
 1.171330e-02
 1.155310e-02
 1.140530e-02
 1.127280e-02
 1.115820e-02
 1.106320e-02
 1.098930e-02
 1.093790e-02
 1.091060e-02
 1.090870e-02
 1.093390e-02
 1.098740e-02
 1.107100e-02
 1.118590e-02
 1.133320e-02
 1.151150e-02
 1.171930e-02
 1.195460e-02
 1.221570e-02
 1.250090e-02
 1.280830e-02
 1.313630e-02
 1.348300e-02
 1.384660e-02
 1.422510e-02
 1.461440e-02
 1.501050e-02
 1.540900e-02
 1.580570e-02
 1.619620e-02
 1.657650e-02
 1.694210e-02
 1.728880e-02
 1.761250e-02
 1.790960e-02
 1.818040e-02
 1.842590e-02
 1.864720e-02
 1.884520e-02
 1.902100e-02
 1.917570e-02
 1.931020e-02
 1.942570e-02
 1.952320e-02
 1.960370e-02
 1.966920e-02
 1.972130e-02
 1.976200e-02
 1.979300e-02
 1.981630e-02
 1.983370e-02
 1.984700e-02
 1.985810e-02
 1.986880e-02
 1.988060e-02
 1.989420e-02
 1.990960e-02
 1.992700e-02
 1.994680e-02
 1.996900e-02
 1.999380e-02
 2.002150e-02
 2.005230e-02
 2.008640e-02
 2.012360e-02
 2.016300e-02
 2.020290e-02
 2.024220e-02
 2.027920e-02
 2.031270e-02
 2.034130e-02
 2.036350e-02
 2.037790e-02
 2.038310e-02
 2.037810e-02
 2.036340e-02
 2.033970e-02
 2.030800e-02
 2.026900e-02
 2.022360e-02
 2.017250e-02
 2.011670e-02
 2.005700e-02
 1.999410e-02
 1.992880e-02
 1.986120e-02
 1.979120e-02
 1.971880e-02
 1.964380e-02
 1.956630e-02
 1.948620e-02
 1.940340e-02
 1.931790e-02
 1.922960e-02
 1.913850e-02
 1.904520e-02
 1.895030e-02
 1.885410e-02
 1.875750e-02
 1.866080e-02
 1.856480e-02
 1.846990e-02
 1.837670e-02
 1.828590e-02
 1.819770e-02
 1.811190e-02
 1.802780e-02
 1.794480e-02
 1.786240e-02
 1.777990e-02
 1.769690e-02
 1.761270e-02
 1.752670e-02
 1.743840e-02
 1.734730e-02
 1.725340e-02
 1.715670e-02
 1.705740e-02
 1.695540e-02
 1.685100e-02
 1.674410e-02
 1.663490e-02
 1.652340e-02
 1.640970e-02
 1.629380e-02
 1.617530e-02
 1.605370e-02
 1.592830e-02
 1.579880e-02
 1.566460e-02
 1.552520e-02
 1.538000e-02
 1.522850e-02
 1.507020e-02
 1.490480e-02
 1.473250e-02
 1.455370e-02
 1.436880e-02
 1.417830e-02
 1.398260e-02
 1.378190e-02
 1.357690e-02
 1.336790e-02
 1.315530e-02
 1.293980e-02
 1.272370e-02
 1.250930e-02
 1.229920e-02
 1.209590e-02
 1.190190e-02
 1.171950e-02
 1.155140e-02
 1.140010e-02
 1.126790e-02
 1.115690e-02
 1.106670e-02
 1.099670e-02
 1.094610e-02
 1.091400e-02
 1.089960e-02
 1.090230e-02
 1.092120e-02
 1.095550e-02
 1.100440e-02
 1.106720e-02
 1.114260e-02
 1.122970e-02
 1.132730e-02
 1.143430e-02
 1.154950e-02
 1.167180e-02
 1.180000e-02
 1.193320e-02
 1.207000e-02
 1.220960e-02
 1.235140e-02
 1.249500e-02
 1.264000e-02
 1.278590e-02
 1.293240e-02
 1.307900e-02
 1.322540e-02
 1.337110e-02
 1.351580e-02
 1.365890e-02
 1.380010e-02
 1.393870e-02
 1.407440e-02
 1.420660e-02
 1.433470e-02
 1.445840e-02
 1.457710e-02
 1.469030e-02
 1.479750e-02
 1.489850e-02
 1.499410e-02
 1.508570e-02
 1.517430e-02
 1.526110e-02
 1.534740e-02
 1.543430e-02
 1.552300e-02
 1.561470e-02
 1.571060e-02
 1.581150e-02
 1.591640e-02
 1.602410e-02
 1.613320e-02
 1.624250e-02
 1.635060e-02
 1.645620e-02
 1.655800e-02
 1.665480e-02
 1.674520e-02
 1.682800e-02
 1.690260e-02
 1.696870e-02
 1.702580e-02
 1.707350e-02
 1.711120e-02
 1.713860e-02
 1.715530e-02
 1.716070e-02
 1.715450e-02
 1.713650e-02
 1.710760e-02
 1.706890e-02
 1.702150e-02
 1.696660e-02
 1.690530e-02
 1.683880e-02
 1.676820e-02
 1.669470e-02
 1.661930e-02
 1.654320e-02
 1.646700e-02
 1.639130e-02
 1.631680e-02
 1.624400e-02
 1.617360e-02
 1.610600e-02
 1.604200e-02
 1.598220e-02
 1.592700e-02
 1.587690e-02
 1.583100e-02
 1.578810e-02
 1.574700e-02
 1.570660e-02
 1.566560e-02
 1.562310e-02
 1.557760e-02
 1.552820e-02
 1.547370e-02
 1.541340e-02
 1.534910e-02
 1.528330e-02
 1.521840e-02
 1.515680e-02
 1.510080e-02
 1.505280e-02
 1.501530e-02
 1.499060e-02
 1.498110e-02
 1.498870e-02
 1.501310e-02
 1.505320e-02
 1.510820e-02
 1.517730e-02
 1.525940e-02
 1.535380e-02
 1.545940e-02
 1.557540e-02
 1.570080e-02
 1.583500e-02
 1.597770e-02
 1.612900e-02
 1.628890e-02
 1.645740e-02
 1.663440e-02
 1.682010e-02
 1.701430e-02
 1.721720e-02
 1.742870e-02
 1.764850e-02
 1.787520e-02
 1.810720e-02
 1.834270e-02
 1.858010e-02
 1.881760e-02
 1.905370e-02
 1.928650e-02
 1.951440e-02
 1.973570e-02
 1.994890e-02
 2.015330e-02
 2.034820e-02
 2.053310e-02
 2.070750e-02
 2.087070e-02
 2.102210e-02
 2.116130e-02
 2.128760e-02
 2.140040e-02
 2.149940e-02
 2.158520e-02
 2.165840e-02
 2.171990e-02
 2.177040e-02
 2.181060e-02
 2.184140e-02
 2.186340e-02
 2.187750e-02
 2.188430e-02
 2.188480e-02
 2.187970e-02
 2.187020e-02
 2.185710e-02
 2.184160e-02
 2.182450e-02
 2.180690e-02
 2.178970e-02
 2.177400e-02
 2.176070e-02
 2.175050e-02
 2.174280e-02
 2.173700e-02
 2.173210e-02
 2.172740e-02
 2.172200e-02
 2.171520e-02
 2.170600e-02
 2.169380e-02
 2.167770e-02
 2.165700e-02
 2.163170e-02
 2.160190e-02
 2.156770e-02
 2.152930e-02
 2.148660e-02
 2.143990e-02
 2.138920e-02
 2.133460e-02
 2.127630e-02
 2.121450e-02
 2.115020e-02
 2.108450e-02
 2.101860e-02
 2.095370e-02
 2.089070e-02
 2.083100e-02
 2.077550e-02
 2.072560e-02
 2.068220e-02
 2.064630e-02
 2.061750e-02
 2.059530e-02
 2.057900e-02
 2.056800e-02
 2.056170e-02
 2.055960e-02
 2.056100e-02
 2.056540e-02
 2.057200e-02
 2.058030e-02
 2.058940e-02
 2.059840e-02
 2.060630e-02
 2.061220e-02
 2.061510e-02
 2.061420e-02
 2.060850e-02
 2.059710e-02
 2.057900e-02
 2.055350e-02
 2.052060e-02
 2.048060e-02
 2.043360e-02
 2.037990e-02
 2.031960e-02
 2.025300e-02
 2.018030e-02
 2.010180e-02
 2.001750e-02
 1.992770e-02
 1.983220e-02
 1.973080e-02
 1.962320e-02
 1.950930e-02
 1.938880e-02
 1.926150e-02
 1.912720e-02
 1.898560e-02
 1.883660e-02
 1.868000e-02
 1.851600e-02
 1.834480e-02
 1.816670e-02
 1.798200e-02
 1.779080e-02
 1.759350e-02
 1.739040e-02
 1.718160e-02
 1.696740e-02
 1.674820e-02
 1.652450e-02
 1.629690e-02
 1.606590e-02
 1.583220e-02
 1.559640e-02
 1.535900e-02
 1.512070e-02
 1.488200e-02
 1.464350e-02
 1.440610e-02
 1.417160e-02
 1.394190e-02
 1.371910e-02
 1.350520e-02
 1.330220e-02
 1.311200e-02
 1.293680e-02
 1.277850e-02
 1.263920e-02
 1.252020e-02
 1.242080e-02
 1.233960e-02
 1.227520e-02
 1.222620e-02
 1.219130e-02
 1.216910e-02
 1.215810e-02
 1.215710e-02
 1.216460e-02
 1.217940e-02
 1.220130e-02
 1.223000e-02
 1.226540e-02
 1.230730e-02
 1.235550e-02
 1.241000e-02
 1.247060e-02
 1.253700e-02
 1.260920e-02
 1.268690e-02
 1.276970e-02
 1.285710e-02
 1.294850e-02
 1.304340e-02
 1.314140e-02
 1.324190e-02
 1.334440e-02
 1.344840e-02
 1.355340e-02
 1.365890e-02
 1.376510e-02
 1.387200e-02
 1.397980e-02
 1.408870e-02
 1.419870e-02
 1.431010e-02
 1.442300e-02
 1.453760e-02
 1.465390e-02
 1.477200e-02
 1.489210e-02
 1.501410e-02
 1.513790e-02
 1.526340e-02
 1.539080e-02
 1.551990e-02
 1.565070e-02
 1.578320e-02
 1.591740e-02
 1.605290e-02
 1.618840e-02
 1.632210e-02
 1.645260e-02
 1.657790e-02
 1.669660e-02
 1.680690e-02
 1.690720e-02
 1.699580e-02
 1.707100e-02
 1.713150e-02
 1.717770e-02
 1.720990e-02
 1.722890e-02
 1.723520e-02
 1.722950e-02
 1.721220e-02
 1.718400e-02
 1.714550e-02
 1.709720e-02
 1.703970e-02
 1.697350e-02
 1.689890e-02
 1.681640e-02
 1.672630e-02
 1.662920e-02
 1.652530e-02
 1.641500e-02
 1.629890e-02
 1.617730e-02
 1.605060e-02
 1.591990e-02
 1.578620e-02
 1.565040e-02
 1.551370e-02
 1.537690e-02
 1.524130e-02
 1.510770e-02
 1.497730e-02
 1.485100e-02
 1.472990e-02
 1.461490e-02
 1.450730e-02
 1.440790e-02
 1.431770e-02
 1.423800e-02
 1.416950e-02
 1.411350e-02
 1.407090e-02
 1.404270e-02
 1.402980e-02
 1.403220e-02
 1.404970e-02
 1.408210e-02
 1.412920e-02
 1.419080e-02
 1.426680e-02
 1.435690e-02
 1.446090e-02
 1.457860e-02
 1.470970e-02
 1.485300e-02
 1.500700e-02
 1.517050e-02
 1.534190e-02
 1.551990e-02
 1.570320e-02
 1.589020e-02
 1.607970e-02
 1.627030e-02
 1.646070e-02
 1.665080e-02
 1.684040e-02
 1.702940e-02
 1.721790e-02
 1.740570e-02
 1.759290e-02
 1.777920e-02
 1.796470e-02
 1.814930e-02
 1.833300e-02
 1.851550e-02
 1.869670e-02
 1.887650e-02
 1.905470e-02
 1.923110e-02
 1.940560e-02
 1.957790e-02
 1.974800e-02
 1.991570e-02
 2.008080e-02
 2.024370e-02
 2.040470e-02
 2.056410e-02
 2.072220e-02
 2.087940e-02
 2.103600e-02
 2.119240e-02
 2.134880e-02
 2.150560e-02
 2.166290e-02
 2.181990e-02
 2.197550e-02
 2.212870e-02
 2.227830e-02
 2.242330e-02
 2.256260e-02
 2.269520e-02
 2.281990e-02
 2.293580e-02
 2.304190e-02
 2.313730e-02
 2.322150e-02
 2.329390e-02
 2.335380e-02
 2.340050e-02
 2.343350e-02
 2.345210e-02
 2.345560e-02
 2.344350e-02
 2.341540e-02
 2.337270e-02
 2.331690e-02
 2.324980e-02
 2.317300e-02
 2.308810e-02
 2.299680e-02
 2.290080e-02
 2.280160e-02
 2.270100e-02
 2.260050e-02
 2.250090e-02
 2.240310e-02
 2.230770e-02
 2.221560e-02
 2.212750e-02
 2.204420e-02
 2.196650e-02
 2.189510e-02
 2.183070e-02
 2.177380e-02
 2.172290e-02
 2.167630e-02
 2.163210e-02
 2.158860e-02
 2.154380e-02
 2.149620e-02
 2.144370e-02
 2.138470e-02
 2.131730e-02
 2.124010e-02
 2.115300e-02
 2.105640e-02
 2.095060e-02
 2.083580e-02
 2.071250e-02
 2.058080e-02
 2.044130e-02
 2.029400e-02
 2.013940e-02