-1.595920
-1.622830
-1.281990
-0.411960
 0.126205
 0.377349
 0.350440
 0.341471
 0.458073
-0.142877
 0.000633
 0.206930
 0.108266
 0.260746
 0.807881
 2.180200
 2.870850
 2.852910
 2.207110
 1.408830
 0.449104
-0.313296
-0.564440
-0.555470
-1.515200
-1.488290
-1.048790
-0.160816
 0.619523
 0.807881
 0.619523
 0.368379
 0.233838
-0.528562
-0.340204
-0.178755
-0.358143
-0.295357
 0.458073
 2.018750
 2.727340
 2.736300
 2.503100
 1.606160
 0.933452
-0.053183
-0.250510
-0.528562
-1.479320
-1.443440
-1.138480
-0.663103
-0.501654
-0.026275
 0.171052
 0.117236
 0.323532
-0.232572
-0.385052
 0.081358
-0.098030
 0.054450
 0.763033
 2.045660
 2.530010
 2.969510
 2.808060
 1.713790
 0.798911
 0.009603
-0.429899
-0.447837
-1.246120
-1.317870
-1.156420
-0.663103
-0.994972
-0.752798
-0.411960
 0.099297
 0.206930
 0.197960
-0.582379
-0.842492
-1.030850
-0.842492
-0.591348
 0.709217
 1.695850
 2.565890
 1.893180
 1.023150
 0.314563
-0.268449
-0.645165
-0.806614
-1.551080
-1.497260
-1.255080
-0.268449
 0.359410
 0.628492
 0.458073
 0.529829
 0.502920
-0.044214
 0.251777
 0.180022
 0.018572
 0.197960
 1.041090
 2.790120
 3.247560
 3.211680
 2.691460
 1.220470
 0.233838
-0.232572
-0.411960
-0.438868
-1.281990
-1.380660
-0.977033
-0.008336
 0.780972
 0.924483
 0.996238
 0.700248
 1.121810
 0.144144
 0.502920
 1.059020
 0.700248
 0.655400
 1.211500
 2.530010
 3.148900
 3.256530
 3.202710
 1.848330
 0.305593
-0.394021
-0.564440
-0.573409
-1.362720
-1.479320
-1.120540
-0.169786
 0.879636
 1.498530
 1.372950
 1.041090
 0.987269
 0.144144
 0.852728
 0.673339
 0.529829
 0.772003
 0.556737
 2.000810
 2.781150
 2.583820
 2.431340
 1.803490
 0.619523
 0.036511
-0.250510
-0.331235
-1.246120
-1.264050
-0.959094
 0.215899
 0.727156
 1.525430
 1.588220
 1.211500
 1.094900
 0.153113
 0.215899
 0.197960
 0.027542
 0.314563
 0.601584
 2.521040
 3.265500
 3.417980
 2.924660
 1.947000
 0.646431
 0.009603
-0.205663
-0.456807
-1.237150
-1.308900
-0.860431
 0.233838
 1.032120
 1.875240
 1.417800
 1.319140
 1.390890
 0.538798
 0.897575
 1.328110
 0.852728
 0.763033
 1.076960
 2.242990
 3.355190
 3.624280
 2.978480
 2.000810
 1.085930
 0.260746
-0.089061
-0.205663
-1.120540
-1.255080
-0.923216
-0.438868
-0.322266
 0.054450
 0.467043
 0.278685
 0.565706
 0.825819
 0.000633
-0.098030
 0.063419
 0.511890
 1.202530
 2.063600
 2.736300
 3.130960
 2.556920
 1.920090
 0.906544
 0.287654
-0.151847
-0.232572
-1.075700
-1.057760
-0.860431
-0.376082
-0.770736
-0.133908
-0.026275
 0.072389
 0.727156
 0.493951
 0.350440
 0.215899
 0.135174
-0.089061
 0.144144
 1.319140
 2.440310
 2.610730
 2.359590
 1.489560
 0.493951
-0.071122
-0.465776
-0.591348
-1.308900
-1.416530
-1.084670
-0.160816
 0.915513
 1.471620
 1.256350
 1.005210
 1.328110
 0.036511
 0.987269
 0.870666
 0.583645
 0.538798
 0.565706
 2.000810
 3.166840
 3.068170
 2.772180
 1.955970
 0.305593
-0.456807
-0.609287
-0.573409
-1.443440
-1.452410
-1.147450
-0.205663
 0.484982
 1.211500
 0.745095
 0.431165
 0.664370
 0.117236
 0.440135
 0.449104
 0.251777
 0.431165
 0.547768
 2.054630
 3.525610
 3.364160
 3.211680
 2.171230
 0.655400
-0.187724
-0.582379
-0.582379
-1.560040
-1.470350
-1.102600
 0.000633
 0.736125
 1.220470
 0.637462
 0.637462
 0.906544
 0.242807
 0.718186
 0.736125
 0.682309
 0.736125
 1.256350
 2.251960
 3.283440
 3.552520
 3.319320
 2.305770
 0.637462
-0.089061
-0.250510
-0.268449
-1.201270
-1.228180
-1.111570
-0.026275
 0.825819
 1.606160
 1.157690
 1.067990
 0.978299
 0.090327
 0.664370
 0.592615
 0.511890
 0.520859
 0.610553
 2.027720
 2.996420
 3.489740
 3.471800
 2.628670
 0.834789
 0.027542
-0.277419
-0.322266
-1.255080
-1.299930
-1.057760
 0.063419
 0.637462
 1.346050
 0.996238
 0.897575
 0.942422
 0.054450
 0.727156
 0.825819
 0.646431
 0.763033
 1.014180
 1.884210
 3.032300
 3.220650
 2.951570
 2.117410
 1.067990
 0.027542
-0.340204
-0.367113
-1.362720
-1.308900
-1.057760
-0.761767
-0.896308
-0.026275
 0.386318
 0.538798
 0.449104
 0.009603
-0.340204
 0.018572
 0.215899
-0.044214
 0.027542
 1.390890
 2.718370
 2.664550
 2.799090
 2.000810
 1.265320
 0.404257
-0.089061
 0.000633
-1.039820
-1.129510
-0.887339
-0.573409
-0.690012
-0.385052
 0.009603
 0.233838
 1.139750
 0.502920
 0.072389
-0.098030
-0.591348
-0.815583
-0.259480
 0.924483
 2.171230
 2.467220
 2.664550
 2.000810
 0.906544
-0.080091
-0.349174
-0.304327
-0.968063
-1.057760
-0.770736
 0.314563
 0.619523
 1.399860
 0.789942
 0.556737
 0.727156
-0.053183
 0.592615
 0.754064
 0.260746
 0.431165
 0.637462
 2.126380
 3.346220
 3.328290
 2.843940
 1.920090
 0.969330
-0.160816
-0.411960
-0.349174
-1.156420
-1.344780
-0.994972
-0.035244
 0.529829
 1.588220
 1.363980
 1.229440
 1.444710
-0.214633
 0.852728
 1.059020
 0.655400
 0.691278
 1.059020
 2.234020
 3.193740
 3.337260
 2.879820
 1.722760
 0.493951
-0.259480
-0.555470
-0.474746
-1.326840
-1.443440
-1.057760
 0.090327
 0.709217
 1.570280
 1.229440
 0.870666
 1.085930
-0.169786
 0.377349
 0.628492
 0.870666
 0.861697
 0.807881
 1.731730
 3.292410
 3.202710
 2.826000
 2.099480
 0.754064
-0.080091
-0.402990
-0.331235
-1.228180
-1.524170
-1.102600
 0.099297
 0.458073
 1.256350
 1.023150
 0.888605
 0.924483
 0.045480
 0.422196
 0.619523
 0.646431
 0.637462
 0.754064
 1.525430
 2.404440
 2.861880
 2.736300
 2.198140
 0.574676
-0.358143
-0.627226
-0.483715
-1.344780
-1.479320
-1.201270
-0.178755
 0.359410
 1.274290
 1.067990
 0.852728
 1.166660
 0.045480
 0.583645
 0.709217
 0.413226
 0.547768
 0.449104
 1.624100
 2.601760
 2.646610
 2.225050
 1.381920
 0.493951
-0.178755
-0.546501
-0.546501
-1.156420
-1.497260
-1.138480
-0.842492
-0.752798
-0.420929
-0.402990
 0.000633
 0.215899
-0.115969
-0.528562
-0.420929
-0.331235
-0.142877
 0.350440
 0.996238
 1.929060
 2.296800
 1.929060
 1.633070
 0.745095
 0.000633
-0.555470
-0.591348
-1.371690
-1.452410
-1.407560
-1.021880
-1.255080
-0.761767
-0.367113
-0.124939
 0.063419
-0.582379
-0.770736
-0.752798
-1.021880
-1.246120
-0.994972
 0.126205
 1.202530
 1.283260
 1.166660
 0.924483
 0.413226
-0.510623
-0.932186
-0.941155
-1.434470
-1.658710
-1.398600
-0.501654
-0.160816
 1.103870
 0.987269
 0.996238
 1.148720
 0.359410
 1.014180
 0.861697
 0.493951
 0.565706
 0.467043
 1.498530
 2.404440
 1.435740
 1.094900
 0.619523
 0.018572
-0.447837
-0.752798
-0.833522
-1.452410
-1.667680
-1.389630
-0.941155
-1.281990
-0.797645
-0.474746
-0.250510
-0.133908
-0.555470
-0.914247
-0.645165
-0.788675
-0.752798
 0.018572
 0.619523
 1.830390
 1.668940
 1.310170
 0.691278
-0.053183
-0.761767
-1.048790
-1.057760
-1.685620
-1.667680
-1.461380
-0.591348
 0.063419
 1.112840
 1.041090
 0.924483
 1.292230
 0.000633
 0.897575
 0.942422
 0.861697
 0.825819
 1.121810
 1.444710
 2.171230
 2.287830
 2.189170
 1.274290
 0.296624
-0.349174
-0.770736
-0.824553
-1.003940
-1.012910
-0.968063
-0.304327
 0.386318
 1.184600
 0.933452
 0.736125
 0.843758
-0.151847
 0.637462
 0.502920
 0.260746
 0.233838
 0.529829
 0.834789
 2.036690
 2.009780
 1.785550
 1.085930
 0.018572
-0.690012
-1.012910
-1.021880
-1.237150
-1.317870
-1.273020
-0.994972
-0.142877
 1.121810
 0.798911
 0.709217
 0.915513
-0.214633
 0.440135
 0.637462
 0.502920
 0.449104
 0.718186
 0.879636
 1.767610
 1.525430
 1.489560
 1.023150
 0.117236
-0.546501
-0.914247
-0.905278
-1.084670
-1.147450
-1.156420
-1.066730
-1.111570
-0.456807
-0.537532
-0.295357
-0.268449
-0.223602
-0.385052
-0.474746
-0.438868
-0.555470
-0.636195
-0.142877
 1.588220
 1.444710
 1.274290
 0.718186
 0.063419
-0.456807
-0.842492
-0.905278
-1.165390
-1.129510
-1.264050
-1.246120
-1.326840
-0.707950
-0.600318
-0.483715
 0.063419
-0.017306
-0.681042
-0.582379
-1.174360
-1.264050
-1.192300
-0.438868
 1.184600
 1.139750
 0.798911
 0.287654
-0.205663
-0.519593
-0.959094
-1.012910
-1.147450
-1.219210
-1.237150
-0.752798
 0.009603
 1.076960
 0.655400
 0.467043
 0.646431
 0.081358
 0.314563
 0.296624
 0.440135
 0.493951
 0.215899
 1.014180
 2.234020
 1.785550
 1.552340
 0.798911
-0.008336
-0.725889
-1.030850
-1.003940
-1.174360
-1.138480
-1.174360
-0.591348
-0.044214
 1.292230
 1.067990
 0.754064
 1.094900
-0.205663
 0.404257
 0.484982
 0.547768
 0.341471
 0.009603
 0.727156
 2.108450
 1.740700
 1.471620
 0.978299
-0.115969
-0.797645
-1.075700
-1.138480
-1.255080
-1.335810
-1.326840
-0.878369
-0.196694
 1.103870
 0.798911
 0.745095
 0.798911
-0.402990
 0.646431
 0.745095
 0.458073
 0.458073
 0.386318
 0.960361
 2.574860
 2.117410
 1.480590
 0.924483
-0.268449
-0.833522
-1.111570
-1.003940
-1.138480
-1.228180
-1.174360
-0.932186
 0.153113
 1.130780
 0.592615
 0.529829
 0.637462
-0.259480
 0.404257
 0.754064
 0.565706
 0.323532
 0.260746
 0.619523
 1.964930
 1.740700
 1.821420
 1.166660
-0.017306
-0.654134
-1.030850
-1.093640
-1.255080
-1.264050
-1.246120
-0.932186
 0.153113
 0.987269
 0.915513
 0.619523
 0.987269
-0.080091
 0.431165
 0.350440
 0.350440
 0.664370
 0.215899
 0.529829
 2.144320
 1.758640
 1.337080
 0.745095
 0.171052
-0.349174
-0.815583
-0.932186
-1.120540
-1.237150
-1.228180
-1.290960
-0.878369
-0.429899
-0.017306
-0.035244
 0.386318
 0.063419
 0.018572
 0.036511
-0.160816
 0.171052
-0.026275
 0.188991
 1.525430
 1.713790
 1.229440
 0.601584
 0.350440
-0.483715
-0.878369
-0.860431
-1.093640
-1.174360
-1.290960
-1.416530
-1.407560
-0.797645
-0.465776
 0.117236
 0.502920
-0.178755
-0.295357
-0.546501
-1.012910
-1.048790
-1.003940
-0.761767
 0.789942
 1.041090
 1.085930
 0.458073
-0.089061
-0.752798
-0.959094
-1.012910
-1.210240
-1.228180
-1.246120
-1.147450
 0.117236
 0.852728
 0.601584
 0.556737
 0.763033
-0.259480
 0.332502
 0.709217
 0.493951
 0.135174
-0.071122
 0.619523
 2.216080
 2.036690
 1.606160
 1.014180
 0.063419
-0.582379
-0.977033
-1.066730
-1.210240
-1.219210
-1.219210
-1.183330
-0.187724
 0.700248
 0.754064
 0.493951
 0.413226
-0.313296
 0.000633
 0.296624
 0.090327
 0.215899
 0.188991
 1.041090
 2.449280
 2.027720
 2.081540
 1.157690
-0.071122
-0.815583
-1.057760
-0.941155
-1.156420
-1.174360
-1.057760
-1.075700
 0.215899
 0.906544
 0.978299
 0.861697
 0.870666
-0.053183
 0.431165
 0.404257
 0.467043
 0.619523
 0.449104
 0.915513