-0.472894
-0.189716
 0.217448
 0.482014
 1.242730
 1.283670
 1.120850
 1.258770
-0.582860
-0.594327
-1.045420
-1.200970
-0.570028
-0.219530
 0.371979
-0.002387
 0.754855
 0.529506
 0.817483
 0.210115
-0.830722
-1.575680
-1.194360
-1.151990
-1.607820
-1.003220
 0.549652
 0.493640
-0.132534
 0.937351
 0.489647
 0.410958
-1.019280
-1.044460
 0.486718
-0.368971
 0.377091
 0.053730
 1.074730
 0.276320
 0.469177
 1.389020
 0.712491
 0.157138
-1.224020
-1.010500
-1.517460
-1.802340
-1.124840
-0.224210
-0.828070
 0.484504
 1.055460
 0.972584
-0.545364
 0.109059
-0.673287
-1.155780
-0.809869
-0.546913
-0.784277
-0.868804
-0.343088
 0.088702
 0.437067
 0.832217
 0.478617
 0.057078
-0.385941
-1.763260
-1.815800
-1.227820
-0.388033
-0.146941
 0.694643
 1.737870
 0.903744
 1.280970
 1.527370
 0.978459
 0.214416
-0.193669
-0.582976
-1.140650
 1.217720
 0.647825
 0.601131
 0.704040
 1.064090
 1.485620
 0.802099
 0.828003
-0.856413
-1.707020
-1.900290
-1.218370
-1.153050
-1.059970
-0.621982
-1.081910
 0.256421
 0.203247
 0.347956
-0.114818
-1.470030
-1.788670
-1.836740
-1.671710
-1.347470
-0.987948
-0.419656
-0.115199
-0.224630
 0.230012
 0.433074
-0.694070
-1.014660
-1.704630
-1.666940
-1.477030
-1.133740
-0.411077
-0.295403
-0.580887
 0.307565
 0.373139
 0.599030
 0.093489
-0.530485
-0.678357
-0.593268
-0.522267
 0.091977
 0.101308
 0.710891
-0.106524
 0.655694
 0.450954
-0.151449
-0.335772
-0.957865
-0.915308
-1.498910
-1.380120
 1.224670
-1.059390
-0.037659
 0.431020
-0.307604
 1.564360
 1.618630
 0.975480
-0.191835
-0.942807
-1.696550
-0.920169
-0.478922
-0.121707
 0.184784
 0.521163
 1.260880
 1.292440
 1.127410
 1.165000
-0.614236
-0.496778
-0.867663
-1.137040
-0.509768
-0.209235
 0.358888
 0.002350
 0.789446
 0.547370
 0.828683
 0.218043
-0.701171
-1.558830
-1.202660
-1.143350
-1.602950
-1.068290
 0.708257
 0.519792
-0.115413
 0.933418
 0.573543
 0.485693
-0.998264
-1.013340
 0.490059
-0.284726
 0.478184
 0.070981
 1.289770
 0.380560
 0.597032
 1.427450
 0.725086
 0.162576
-1.150800
-0.967321
-1.469990
-1.775960
-1.074830
-0.117349
-0.738802
 0.580558
 1.169480
 1.054640
-0.370775
 0.192938
-0.670093
-1.098080
-0.675043
-0.508429
-0.801223
-0.832718
-0.344809
 0.097941
 0.542222
 0.874579
 0.570083
 0.056870
-0.266818
-1.674980
-1.754570
-1.233120
-0.204880
-0.130395
 0.796899
 1.844630
 0.914437
 1.330620
 1.494100
 1.065720
 0.335857
-0.003929
-0.560907
-1.040500
 1.263600
 0.651362
 0.558231
 0.764695
 1.091590
 1.459250
 0.794832
 0.834358
-0.781447
-1.729900
-1.909300
-1.335950
-1.185800
-1.053930
-0.709717
-1.081100
 0.295826
 0.217977
 0.366823
-0.101939
-1.478100
-1.786400
-1.836230
-1.707390
-1.338840
-0.984350
-0.400153
-0.071259
-0.244812
 0.224014
 0.443870
-0.666296
-1.031600
-1.702980
-1.671050
-1.467800
-1.131650
-0.394816
-0.320673
-0.592571
 0.325012
 0.391890
 0.644975
 0.149065
-0.526594
-0.619489
-0.520111
-0.508876
 0.054667
 0.075322
 0.800607
-0.106109
 0.659639
 0.454595
-0.175810
-0.317387
-0.960115
-0.885448
-1.480530
-1.371430
 1.174830
-1.061080
-0.109814
 0.451511
-0.389636
 1.580930
 1.620300
 0.946546
-0.138233
-0.842349
-1.674570
-0.896566
-0.484615
-0.051976
 0.153770
 0.566822
 1.282840
 1.306750
 1.137700
 1.073630
-0.648517
-0.394937
-0.691893
-1.068930
-0.445858
-0.202234
 0.356981
 0.007331
 0.828432
 0.565088
 0.839777
 0.225894
-0.552568
-1.542240
-1.196280
-1.134720
-1.579220
-1.125850
 0.888158
 0.581628
-0.085857
 0.937663
 0.667759
 0.575945
-0.958578
-0.988141
 0.513633
-0.179409
 0.600672
 0.087702
 1.545990
 0.512277
 0.754911
 1.470590
 0.739296
 0.167748
-1.072010
-0.926367
-1.412990
-1.744590
-1.022190
 0.000582
-0.615100
 0.694032
 1.300780
 1.138380
-0.181621
 0.287002
-0.654815
-1.041860
-0.520823
-0.470441
-0.805778
-0.771281
-0.325527
 0.107003
 0.660298
 0.933229
 0.665073
 0.060404
-0.142523
-1.575600
-1.676300
-1.237100
 0.001797
-0.113465
 0.913076
 1.961760
 0.925139
 1.399890
 1.466090
 1.175550
 0.480593
 0.183928
-0.525067
-0.928673
 1.313420
 0.656057
 0.535833
 0.830902
 1.119920
 1.463820
 0.811680
 0.842781
-0.693610
-1.754070
-1.912980
-1.432130
-1.214170
-1.028730
-0.776130
-1.050380
 0.354438
 0.236803
 0.389721
-0.078024
-1.482670
-1.781680
-1.838330
-1.735430
-1.331750
-0.969576
-0.364782
-0.018866
-0.255696
 0.223888
 0.464121
-0.629696
-1.048040
-1.708190
-1.679490
-1.458570
-1.130100
-0.369288
-0.344817
-0.588375
 0.344572
 0.416563
 0.687038
 0.196490
-0.527760
-0.577100
-0.464965
-0.508532
 0.013813
 0.052968
 0.889398
-0.105693
 0.663583
 0.458236
-0.199060
-0.299428
-0.962221
-0.857401
-1.462310
-1.361690
 1.123290
-1.058670
-0.179851
 0.471526
-0.468030
 1.597590
 1.622750
 0.916991
-0.089353
-0.753996
-1.652480
-0.872171
-0.489850
 0.019124
 0.124935
 0.618543
 1.308650
 1.326620
 1.151680
 0.985941
-0.685375
-0.292700
-0.523714
-0.998459
-0.379279
-0.198802
 0.366254
 0.012580
 0.871378
 0.582650
 0.850760
 0.233654
-0.389689
-1.525920
-1.174800
-1.126080
-1.538130
-1.175390
 1.083170
 0.674204
-0.043597
 0.949868
 0.769400
 0.679373
-0.900153
-0.968238
 0.560731
-0.055922
 0.741697
 0.103887
 1.839970
 0.669223
 0.937919
 1.517090
 0.754415
 0.172557
-0.989932
-0.888095
-1.347250
-1.707590
-0.968087
 0.128692
-0.460146
 0.821876
 1.446310
 1.221790
 0.021275
 0.389260
-0.627890
-0.987668
-0.349591
-0.434268
-0.796009
-0.684314
-0.286183
 0.115850
 0.788859
 1.006740
 0.762972
 0.067387
-0.014868
-1.467910
-1.582420
-1.240400
 0.228821
-0.096226
 1.038530
 2.086420
 0.935777
 1.487230
 1.443180
 1.306340
 0.646156
 0.365256
-0.478923
-0.806476
 1.366250
 0.661662
 0.533866
 0.901046
 1.148580
 1.499380
 0.851605
 0.852197
-0.593014
-1.778290
-1.912240
-1.506800
-1.237330
-0.985007
-0.819257
-0.990310
 0.431385
 0.259876
 0.416080
-0.044507
-1.483160
-1.775530
-1.841820
-1.754950
-1.326830
-0.943191
-0.313071
 0.041335
-0.257630
 0.229472
 0.493773
-0.584579
-1.063510
-1.719790
-1.692320
-1.449340
-1.129060
-0.338413
-0.367496
-0.568157
 0.366164
 0.445528
 0.716825
 0.227890
-0.534330
-0.556469
-0.432429
-0.527409
-0.035265
 0.029284
 0.970133
-0.105278
 0.667529
 0.461877
-0.221177
-0.282059
-0.964156
-0.831121
-1.444260
-1.351050
 1.070900
-1.052130
-0.247458
 0.491332
-0.542788
 1.614500
 1.626290
 0.887208
-0.046375
-0.679912
-1.630370
-0.846713
-0.494514
 0.091147
 0.098717
 0.675711
 1.338270
 1.351930
 1.169200
 0.902832
-0.724418
-0.195233
-0.369763
-0.928038
-0.311282
-0.199138
 0.386136
 0.018124
 0.917599
 0.600039
 0.861626
 0.241307
-0.218788
-1.509910
-1.139880
-1.117440
-1.481780
-1.216620
 1.285600
 0.790603
 0.010952
 0.969472
 0.875000
 0.792011
-0.824844
-0.953307
 0.629309
 0.080747
 0.895527
 0.119513
 2.163310
 0.847320
 1.139260
 1.565160
 0.769570
 0.176852
-0.907432
-0.852963
-1.274960
-1.665800
-0.913886
 0.263844
-0.279677
 0.959305
 1.601310
 1.302340
 0.235098
 0.496969
-0.591142
-0.936833
-0.166993
-0.401445
-0.771217
-0.574183
-0.229409
 0.124433
 0.924678
 1.092160
 0.862660
 0.077309
 0.112798
-1.355960
-1.476370
-1.243980
 0.469970
-0.078770
 1.167940
 2.213910
 0.946260
 1.589630
 1.424910
 1.454110
 0.827337
 0.534526
-0.427389
-0.674810
 1.420600
 0.667837
 0.550906
 0.973058
 1.177020
 1.562380
 0.912175
 0.860877
-0.481534
-1.802100
-1.908780
-1.561270
-1.255030
-0.924637
-0.838775
-0.903427
 0.524208
 0.287222
 0.444972
-0.003602
-1.478850
-1.769390
-1.846090
-1.766020
-1.324750
-0.905852
-0.245954
 0.108038
-0.251407
 0.240423
 0.531896
-0.531717
-1.077960
-1.737110
-1.709520
-1.440110
-1.128490
-0.305572
-0.388473
-0.532640
 0.389505
 0.476735
 0.726492
 0.236296
-0.546463
-0.561512
-0.425969
-0.570392
-0.096970
-0.000264
 1.036030
-0.104862
 0.671474
 0.465518
-0.242150
-0.265398
-0.965902
-0.806559
-1.426400
-1.339630
 1.018310
-1.041480
-0.312404
 0.511142
-0.613941
 1.631800
 1.631140
 0.857491
-0.010633
-0.622255
-1.608360
-0.819919
-0.498510
 0.163564
 0.075493
 0.737558
 1.371600
 1.382440
 1.190070
 0.824851
-0.765190
-0.108950
-0.237779
-0.860647
-0.243385
-0.203370
 0.415703
 0.023990
 0.966175
 0.617236
 0.872367
 0.248837
-0.047437
-1.494220
-1.095080
-1.108800
-1.412710
-1.249480
 1.486430
 0.922349
 0.076771
 0.995669
 0.980604
 0.908424
-0.736232
-0.943381
 0.712230
 0.223755
 1.053790
 0.134549
 2.502920
 1.040770
 1.350400
 1.612560
 0.783751
 0.180430
-0.827752
-0.821429
-1.199490
-1.621470
-0.861114
 0.400824
-0.081681
 1.099960
 1.759470
 1.377030
 0.454976
 0.606763
-0.547630
-0.891458
 0.018061
-0.373807
-0.731850
-0.445611
-0.159232
 0.132694
 1.063790
 1.185330
 0.962549
 0.089498
 0.235574
-1.244890
-1.363510
-1.249150
 0.716054
-0.061203
 1.295330
 2.337840
 0.956478
 1.702830
 1.410530
 1.612710
 1.016330
 0.685218
-0.376499
-0.534101
 1.474510
 0.674154
 0.584490
 1.044510
 1.204570
 1.646210
 0.989817
 0.866532
-0.362824
-1.825700
-1.904900
-1.597730
-1.267450
-0.850463
-0.835593
-0.793704
 0.629289
 0.318835
 0.475193
 0.041941
-1.468800
-1.764900
-1.851090
-1.769410
-1.326200
-0.859144
-0.165499
 0.179434
-0.238065
 0.256302
 0.576845
-0.472220
-1.091660
-1.759350
-1.730940
-1.430880
-1.128370
-0.273357
-0.407539
-0.483101
 0.414141
 0.507879
 0.710586
 0.217945
-0.564038
-0.593538
-0.446851
-0.639780
-0.173987
-0.038166
 1.082230
-0.104447
 0.675419
 0.469159
-0.261978
-0.249525
-0.967449
-0.783667
-1.408760
-1.327540
 0.966013
-1.026780
-0.374533
 0.531127
-0.681546
 1.649610
 1.637430
 0.828053
 0.016377
-0.583200
-1.586540
-0.791521
-0.501760
 0.235766
 0.055590
 0.803182
 1.408470
 1.417810
 1.214010
 0.752274
-0.807171
-0.041453
-0.136616
-0.799820
-0.177361
-0.211575
 0.453812
 0.030205
 1.015980
 0.634215
 0.882977
 0.256229
 0.115612
-1.478890
-1.045530
-1.100170
-1.333680
-1.273960
 1.675420
 1.059700
 0.152392
 1.027490
 1.081820
 1.021890
-0.639323
-0.938857
 0.797943
 0.364665
 1.205780
 0.148961
 2.841530
 1.242160
 1.561310
 1.656580
 0.795845
 0.183032
-0.754345
-0.793939
-1.125060
-1.578080
-0.811424
 0.532642
 0.123938
 1.236100
 1.913080
 1.442270
 0.674165
 0.714771
-0.501429
-0.854406
 0.193564
-0.353633
-0.679311
-0.305339
-0.080740
 0.140574