 0.415262
 0.348912
 0.282564
 0.269294
 0.256025
 0.176406
 0.096787
 0.070248
 0.030438
 0.043708
-0.009371
-0.035911
-0.062451
-0.088990
-0.088990
-0.075720
-0.062451
-0.049180
-0.102260
-0.062451
 0.056978
 0.003899
 0.003899
-0.009371
 0.096787
 0.123327
 0.163136
 0.176406
 0.123327
 0.070248
 0.030438
 0.017168
 0.003899
-0.009371
-0.049180
-0.035911
-0.049180
-0.128799
-0.155338
-0.168608
-0.115529
-0.075720
-0.049180
 0.070248
 0.295834
 0.574499
 0.375452
 0.733736
 0.601038
 0.428531
 0.468340
 0.521419
 0.561229
 0.375452
 0.229484
 0.282564
 0.202945
 0.043708
-0.049180
-0.062451
-0.142069
-0.261497
-0.261497
-0.234957
-0.009371
 0.229484
 0.494880
 0.733736
 0.693926
 0.667386
 0.693926
 0.693926
 0.667386
 0.654117
 0.547958
 0.667386
 0.601038
 0.441801
 0.574499
 0.455071
 0.428531
 0.494880
 0.481610
 0.282564
 0.295834
 0.282564
 0.295834
 0.309103
 0.309103
 0.468340
 0.866434
 1.158370
 0.879703
 0.972591
 1.065480
 1.145100
 1.251260
 1.118550
 1.344140
 1.397230