0.988279
0.987573
0.990576
0.995396
0.990243
0.961632
0.991408
0.747309
0.990478
0.979463
0.995455
0.993343
0.995548
0.997947
0.999776
0.991853
0.988669
1.000950
0.996817
0.996622
0.995290
1.000630
1.000560
1.002710
1.001490
1.000540
0.999424
0.999803
0.994659
0.998512
0.997365
0.999351
0.999043
1.006770
1.005980
0.401860
0.999606
1.002490
1.005010
1.004700
1.000100
1.002560
1.002400
1.004980
1.003910
1.001520
1.004980
1.001870
1.002130
1.009800
1.001510
1.004910
1.005470
1.005810
0.871666
1.006140
1.003970
1.007810
0.996868
1.004260
0.998904
1.007160
1.007020
1.005740
1.004520
1.013220
0.998127
1.006910
1.008730
1.011540
1.011180
1.005630
1.012160
1.011550
1.011840
1.007200
1.013800
0.969786
1.010150
1.007400
1.011100
1.011920
1.005920
1.007590
1.013220
1.008710
1.008940
1.004760
1.009630
1.010880
1.010030
1.009270
0.934744
1.005080
1.010410
1.008140
0.253374
0.834677
0.874991
0.898741