 0.997489
 0.990532
 1.047780
 1.065920
 1.043900
 1.049320
 1.160050
 1.192140
 1.143520
 1.126180
 1.090440
 1.037470
 1.119380
 1.163360
 1.923450
 2.007430
 1.824660
 2.131010
 1.960290
 1.812220
 2.270610
 2.169010
 2.152050
 2.199980
 2.267810
 1.951600
 2.035560
 2.124320
 0.705634
 0.725666
 0.840611
 0.926534
 0.928650
 0.812010
 0.586190
 0.618939
 0.840655
 1.048020
 0.917474
 0.691298
 0.720075
 0.925914
 0.990583
 0.982900
 0.898149
 0.826458
 0.678627
 0.810272
 0.967692
 0.927575
 0.826696
 1.984330
 2.030800
 1.752160
 2.041290
 2.086850
 2.135010
 2.433080
-0.827762
-0.779827
-0.807071
-0.877689
-0.900890
-0.907445
-0.917101
-0.917934
-0.914995
-0.920699
-0.905539
-0.907469
-0.626109
-0.919246
-0.908307
-0.896050
-0.906992
-0.923803
-0.920907
-0.921903
-0.923050
-0.906387
-0.850980
-0.588397
-0.893353
-0.925588
-0.928135
-0.928494
-0.927740
-0.925285
-0.925285
-0.927353
-0.924801
-0.923786
-0.924939
-0.620750
-0.804183
-0.875994
-0.925825
-0.926656
-0.926159
-0.925174