 0.802273
 0.590005
 0.074763
-0.299193
-0.910868
-1.083780
-1.594880
-1.193960
 0.998478
-1.065980
 0.319692
 0.275463
 0.408448
 1.272300
 1.626750
 0.995554
-0.570458
-1.508660
-1.755910
-1.028810
-0.349506
-0.481464
 0.413251
 0.461819
 1.256010
 1.332430
 1.198830
 1.464180
-0.433542
-0.896970
-1.592990
-1.288400
-0.746156
-0.133914
 0.397404
 0.124912
 0.804744
 0.598552
 0.946685
 0.309487
-1.041960
-1.607860
-1.033030
-1.136900
-1.293330
-0.552043
 0.068307
 0.582156
 0.280399
 1.168510
 0.432143
 0.251770
-0.839447
-1.138330
 0.557826
-0.351383
 0.194369
 0.096596
 0.506393
 0.335906
 0.279133
 1.314580
 0.816412
 0.236224
-1.350720
-1.055260
-1.474000
-1.643630
-1.207590
-0.533580
-0.732525
 0.346368
 0.901859
 0.769390
-0.831787
-0.050024
-0.452178
-1.327980
-1.005160
-0.597994
-0.517921
-0.691870
-0.181383
 0.193297
 0.323061
 0.850088
 0.322802
 0.136637
-0.756661
-2.021910
-1.798540
-1.148700
-0.716100
-0.128154
 0.397236
 1.292560
 0.983556
 1.264650
 1.731470
 0.817122