-0.618033
-0.814442
-1.123090
-0.893006
-0.814442
-0.752714
-0.999628
-0.780772
-1.095030
-1.263380
-0.921065
-1.117470
-0.719043
-1.145530
-1.336330
-0.949123
-1.151140
-1.156760
-1.212870
-1.482230
-1.263380
-0.842501
-1.089420
-1.285820
-1.038910
-0.842501
-0.561916
-1.246540
-0.808831
-0.949123
-1.005240
-1.134310
-1.280210
-1.650590
-1.695480
-1.903110
-1.729150
-1.734760
-1.858220
-1.976060
-1.779650
-1.566410
-1.476620
-1.437340
-1.527130
-1.364390
-1.560800
-1.033300
-1.111860
-1.398060
-1.420510
-1.173590
-1.538350
-1.386840
-1.218480
-1.224100
-1.005240
-0.758325
-0.825666
-0.887394
-0.803219
-0.735879
-0.825666
-0.921065
-1.100640
-1.448560
-1.347550
-1.364390
-1.459790
-1.448560
-1.347550
-1.313880
-1.111860
-0.213991
-0.646091
-1.364390
-1.167980
-1.246540
-1.543960
-1.229710
-0.741490
-0.606810
-1.145530
-1.212870
-1.167980
-1.207260
-1.066970
-1.123090
-1.044520
-0.881783
-0.831277
-1.162370
-1.111860
-1.072580
-0.657315
-0.747102
-0.589974
-0.702208
-1.072580
-0.870559