-1.152340
-1.159420
-1.159420
-1.166500
-1.166500
-1.173590
-1.173590
-1.166500
-1.159420
-1.159420
-1.152340
-1.145250
-1.138170
-1.138170
-1.131090
-1.138170
-1.138170
-1.131090
-1.124000
-1.109840
-1.095670
-1.074420
-1.060250
-1.046080
-1.046080
-1.053170
-1.053170
-1.046080
-1.031920
-0.996499
-0.953997
-0.939830
-0.946914
-0.961081
-0.968164
-0.975248
-0.982332
-0.989415
-0.989415
-0.975248
-0.953997
-0.953997
-0.968164
-0.975248
-0.989415
-0.996499
-1.003580
-1.003580
-1.010670
-0.982332
-0.982332
-0.982332
-0.975248
-0.968164
-0.961081
-0.953997
-0.953997
-0.946914
-0.953997
-0.961081
-0.961081
-0.968164
-0.975248
-0.982332
-0.982332
-0.989415
-0.989415
-0.996499
-0.996499
-0.989415
-0.982332
-0.982332
-0.989415
-0.996499
-0.996499
-1.003580
-1.010670
-1.017750
-1.024830
-1.024830
-1.138170
-1.131090
-1.131090
-1.124000
-1.131090
-1.131090
-1.138170
-1.138170
-1.145250
-1.145250
-1.152340
-1.152340
-1.159420
-1.159420
-1.166500
-1.166500
-1.173590
-1.173590
-1.152340
-1.145250