-0.826192
-0.873437
-0.920681
-0.920681
-0.920681
-0.542726
-0.306503
-0.778948
-0.353748
-0.353748
 0.118697
-0.731703
-0.873437
-0.400992
 0.118697
-0.117525
-0.826192
-0.920681
-0.778948
-0.826192
-0.826192
-0.826192
-0.778948
-0.826192
-0.826192
-0.826192
-0.826192
-0.826192
-0.920681
 0.071452
-0.495481
-0.070281
-0.023037
-0.967926
-0.448237
-0.448237
-0.212014
-0.920681
-0.967926
-0.967926
-0.873437
-0.967926
-0.920681
-0.873437
-0.826192
-0.873437
-0.873437
-0.873437
-0.826192
-0.873437
-0.873437
-0.920681
-0.920681
-0.967926
-1.015170
-1.015170
-0.967926
-0.967926
-0.967926
-1.015170
-0.967926
-0.967926
-0.967926
-1.015170
-0.967926
-0.967926
-0.826192
-0.873437
-0.920681
-0.873437
-0.873437
-0.873437
-0.873437
-0.826192
-0.920681
-0.873437
-0.967926
-0.967926
-1.015170
-0.967926
-0.967926
-1.015170
-0.967926
-1.015170
-0.967926
-0.967926
-1.015170
-0.967926
-1.015170
-1.015170
-0.873437
-0.873437
-0.873437
-0.873437
-0.873437
-0.873437
-0.920681
-0.873437
-0.873437
-0.920681
-1.015170
-0.070281
 0.071452
 0.071452
 0.638386
-0.448237
 0.071452
-0.967926
-0.353748
-1.015170
-0.448237
-0.967926
-0.400992
-0.400992
-0.967926
-1.015170
-0.920681
-0.967926
-0.967926
-0.920681
-0.967926
-0.967926
-0.920681
-1.015170
-0.920681
-1.015170
 0.024208
 0.213186
-0.542726
-0.495481
-0.023037
-0.542726
-0.920681
-0.826192
-0.967926
-0.967926
-1.015170
-0.920681
-0.873437
-0.873437
-0.826192
-0.873437
-0.873437
-0.826192
-0.826192
-0.826192
-0.873437
-0.920681
-0.967926
-1.015170
-1.015170
-1.015170
-1.015170
-0.967926
-1.015170
-0.967926
-1.015170
-1.015170
-1.015170
-1.015170
-0.967926
-0.967926
-0.826192
-0.826192
-0.826192
-0.826192
-0.873437
-0.778948
-0.778948
-0.826192
-0.778948
-0.873437
-0.873437
-1.015170
-1.015170
-1.015170
-0.826192
-0.920681
-0.920681
-0.826192
-0.826192
-0.778948
-0.778948
-0.778948
-0.826192
-0.778948
-0.731703
-0.731703
-0.731703
-0.731703
-0.778948
-0.684459
-0.684459
-0.731703
-0.731703
-0.778948
-0.826192
-0.448237
-1.015170
-0.967926
-1.015170
-1.015170
-1.015170
-0.967926
-0.873437
-0.920681
-1.015170
-0.967926
-0.920681
-0.826192
-0.778948
-0.731703
-0.778948
-0.778948
-0.684459
-0.778948
-0.778948
-0.778948
-0.731703
-0.826192
-0.826192
-0.967926
-1.015170
-1.015170
-0.967926
-1.015170
-1.015170
-0.967926
-0.873437
-0.920681
-0.967926
-0.920681
-0.967926
-0.967926
-0.920681
-0.826192
-0.873437
-0.873437
-0.873437
-0.873437
-0.873437
-0.873437
-0.873437
-0.920681
-0.967926
-0.967926
-1.015170
-0.967926
-0.967926
-1.015170