-1.032130
-1.031470
-1.033000
-1.030820
-1.031980
-1.028710
-1.032010
-1.035080
-1.033950
-1.033770
 0.868917
-0.282678
-0.396035
-0.463232
-0.623152
-0.661623
-0.604084
-0.586905
-0.613977
-0.628907
-0.646572
-0.662775
-0.663280
-0.684781
-0.695088
-0.706906
-0.721189
-0.730077
-0.733910
-0.753121
-0.756257
-0.760666
-0.766399
-0.779005
-0.782897
-0.786180
-0.794250
-0.802375
-0.810047
-0.812798
-0.818947
-0.821276
-0.829086
-0.833335
-0.836738
-0.845179
-0.845126
-0.849924
-0.855959
-0.862244
-0.868453
-0.873068
-0.877554
-0.885909
-0.895557
-0.895499
-0.905593
-0.906208
-0.909970
-0.914895
-0.918484
-0.923871
-0.920572
-0.926627
-0.925930
-0.934376
-0.934766
-0.936112
-0.940362
-0.940314
-0.943343
-0.949455
-0.948946
-0.951958
-0.951034
-0.955083
-0.958333
-0.960614
-0.964420
-0.964758
-0.965609
-0.965713
-0.971333
-0.970056
-0.971531
-0.967539
-0.971386
-0.970876
-0.974718
-0.975194
-0.979282
-0.978094
-0.981954
-0.988566
-0.983395
-0.988080
-0.997559
-0.998451
-0.998962
-0.997784
-1.006390
-1.005890
-1.014800
-1.016110
-1.014230
-1.018840
-1.024070
-1.031580
-1.031340
-1.030500
-1.030490
-1.028080
-1.035790
-1.040540
-1.043180
 2.135380
-1.243780
 1.537790
-1.247620
 1.563780
-1.250520
 1.537170
-1.252690
 1.466370
-1.255410
 1.412250
-1.256850
 1.333020
-1.262190
 1.291570
-1.267160
 1.247860
-1.264680
 1.179360
-1.268630
 1.126550
-1.271330
 1.131190
-1.267670
 1.258650
-1.259450
 1.421490
-1.258010
 1.494720
-1.250980
 1.535560
-1.253010
 1.531290
-1.253370
 1.520120
-1.260340
 1.470740
-1.257700
 1.443530
-1.262180
 1.388400
-1.265020
 1.360890
-1.265320
 1.317210
-1.266090
 1.289260
-1.270820
 1.255450
-1.272280
 1.231030
-1.274630
 1.201440
-1.272800
 1.175710
-1.277070
 1.143460
-1.274050
 1.118500
-1.276970
 1.111970
-1.276400
 1.093970
-1.278430
 1.067960
-1.278460
 1.047450
-1.281080
 1.021940
-1.283440
 1.003230
-1.285070
 0.980187
-1.284050
 0.963740
-1.284370
 0.941256
-1.282970
 0.919194
-1.284290
 0.884113
-1.283390
 0.861772
-1.282820
 0.837156
-1.282860
 0.817253
-1.280480
 0.799511
-1.281380
 0.782730
-1.278650
 0.767855
-1.280840
 0.737572
-1.282530
 0.700063
-1.284650
 0.666908
-1.287790
-0.774610
-0.212349
-0.173207
 1.205000
 2.385370
-0.013316
 0.765177
 0.077577
 1.317530
 0.088169
-0.001382
 0.738171
 0.070873
 1.302790
-0.777277
-0.193973
-0.201342
 1.167420
-0.768456
-0.207760
-0.227557
 1.145070
 2.344610
-0.036713
 0.737524
 0.068966
 1.286350
-0.828442
-0.277166
-0.197870
 1.197800
 2.279510
 0.002675
 0.735746
 0.048296