 0.085478
 0.054888
-0.016748
 0.035851
 0.115659
 0.035495
 0.076734
 0.122885
 0.100424
 0.873594
 0.355743
 0.009042
 0.030534
-0.008756
 0.045438
 0.044624
 0.057923
 0.082905
-0.039202
 0.017412
 0.091364
 0.013806
 2.105180
 0.292877
-0.022231
-0.504608
 0.370784
 0.561595
-0.126223
-0.749795
-0.246871
 0.204959
-0.097134
 0.960107
-0.075229
-1.036060
 0.775436
 0.975132
-1.276830
 0.516369
 1.091560
-0.244762
-1.188740
 0.864846
 0.776618
-0.321953
-0.936252
-0.106414
 0.835961
-0.274606
 0.097936
 0.084451
 0.940386
 1.047120
 1.052720
-0.527984
 1.598650
 0.359646
 0.837627
 1.628370
-0.146156
-0.921505
-0.335007
 0.428716
 0.501375
 0.211211
-0.004084
-0.104272
 1.440660
 0.822072
-0.141777
-0.926086
 0.650010
-0.044051
-0.459637
 0.826355
-2.409480
 1.099360
-0.211697
-0.422786
 0.330752
 0.174663
 0.505192
-0.621005
-0.737994
 0.077087
 0.700026
-3.393380
-0.283130
-0.607919
 0.235712
 0.028948
 0.328482
-0.188216
-1.111790
-0.514107
-3.688120
-0.757816
-0.191957
-0.139636
-0.083149
-0.022849
-0.209771
 0.296735
 8.645730
-0.322490
-0.867363
 0.465725
 0.426557
-0.358111
-0.341337
-0.205196
-0.006180
-0.016228
 0.380959
 0.369538
 0.029930
-0.171579
-0.216703
-0.869534
 6.688840
-1.297880
-0.379487
-0.032175
 1.281860
 0.627049
-0.979123
 0.134421
 1.275520
 0.162820
-1.016060
-0.097327
 5.196710
-1.297710
 0.295539
 0.097092
 0.094427
 0.164834
 0.192926
 0.126103
-0.071757
 0.019911
 0.233573
 0.053616
 0.050611
 0.111954
 4.740630
-0.970828
-1.270970
-0.589336
 0.441321
 0.775345
 0.013413
 1.484810
 2.754580
-0.712371
-1.771270
-0.328598
 2.535290
-0.558842
 0.171946
 0.087594
 0.040393
 0.059999
 0.000592
 0.064400
 0.078899
 0.072111
 0.038578
 0.041093
 0.233357
-0.436121
 0.253379
 0.040210
 0.000860
 0.056229
 0.050866
 0.050052
 0.078565
 0.025744
 0.009584
 0.052397
 0.108808
 0.819514
-0.734018
 0.096429
 0.636189
-0.060070
-0.546825
 0.813501
 0.460797
-0.805677
-0.060257
 0.081505
-0.148494
 0.239361
 1.253930
-1.224220
 0.941514
 0.196012
-0.105109
-0.006359
 0.020764
-0.260872
 0.216266
 0.301804
-0.052935
-0.077260
-0.196731
 0.045108
 0.590181
 0.206499
 1.188020
-0.776618
-0.365089
 1.587910
-0.691650
-0.653171
 1.355110
 1.020460
 1.286810
-0.793905
-0.301700
-0.346199
-0.800825
 0.999806
 0.870816
 0.919254
-1.044690
-0.626253
 0.658633
 0.540853
 0.476963
-3.388830
 0.529069
 0.568801
 0.105594
-1.162450
-0.758496
 0.294049
 0.215707
-3.462410
 0.247150
 0.264267
-0.339748
-0.222484
-0.606353
 0.624976
 0.942819
-5.997920