-0.090839
 0.549703
 0.260763
-0.305602
-0.756062
-1.051060
 0.508849
 0.222890
 0.418334
 0.209050
-0.139625
 0.965174
-0.753335
-0.918710
-0.283805
-0.659775
-0.256577
 0.558086
 0.196801
-0.193804
-0.836049
-0.954476
 0.324455
 0.210627
-0.088083
 1.248010
-0.570324
-0.558212
-0.247876
 0.620851
 0.200228
-0.376551
-0.589538
-0.694022
-0.325754
 0.736040
 0.071960
-0.223116
-0.646118
-0.903891
 0.318303
 0.231814
-0.053151
 1.122330
-1.046660
-0.674725
-0.390215
 2.686080
-0.727205
 8.992840
-1.007770
-0.213809
-0.773203
 2.777310
-0.716230
 0.493640
-0.488009
 2.934610
-0.998912
-0.224644
-0.795219
 2.564270
-0.570827
 0.992339
-0.803998
-0.817312
-0.370019
 2.206090
-0.952824
-0.147632
-0.819040
 2.924200
-0.685493
 0.973366
-1.018870
-0.913521
-0.452607
 1.517820
-0.909391
 2.988030
-1.098270
-1.004860
-1.085330
-0.377335
-0.882166
 2.393940
-0.798827
 0.505953
-0.834313
 1.218950
-0.916784
 2.863700
-0.732432
 0.459848
-1.032940
-0.901254
-0.776531
 1.308860
-0.867476
 2.664000
-1.049560
-0.267850
-0.827265
 2.046680
-0.961063
-0.255191
-0.920325
 2.251690
-0.718352
 0.666941
-0.757074
-0.900528
-0.625190
 2.005590
-0.622052
 2.842630
-0.552258
 3.359260
-0.607511
 0.035709
-0.610642
 2.095360
-0.416416
 1.000590
-0.624360
-0.618236
-0.258748
 1.434000
-0.595092
 1.643140
-0.307151
 3.174950
-0.472219
-0.494470
-0.492693
 0.175683
-0.419261
 2.162920
-0.464979
 0.891669
-0.595302
-0.770869
-0.191560
 1.687380
-0.476421
 2.761160
-0.300999
 0.037088
-0.612516
 2.402550
-0.586583
 0.613678
-0.984236
-0.361657
-1.050990
 1.535990
-0.881594
 0.094264
-1.086960
-1.084550
-0.847595
 0.830488
-0.943604
 1.990940
-0.722672
-0.983530
-0.057377
 0.147436
-0.449521
 0.899775
-0.926323
-0.830890
-0.537045
 0.599522
-0.409017
-0.393998
-0.533109
 1.040740
-0.848595
-0.836509
-0.569578
 0.591660
-0.072930
-0.445576
-0.822196
-1.045790
-0.203453
 0.095339
-0.804263
-0.895714
-0.581733
 0.632824
-0.169618
-0.364810
-0.903986
-1.128450
-0.168646
 0.039906
-0.478764
 1.045300
-0.980988
-0.829941
-0.723415
-0.909801
-0.707324
 0.670075
-0.404980
-0.365839
-0.197377
 0.787385
 0.107640
 1.640790
 0.052572
 0.035007
-0.492901
-0.253168
 0.337232
 0.633829
-0.172178
 1.779620
-0.028875
-0.430860
-0.113248
 1.072910
 0.127129
-0.022917
 0.374914
 1.208230
-0.020336
 0.224320
-0.284172
-0.539977
 0.140900
 0.583676
-0.132816
 1.531330
-0.009080
 1.532440
-0.243436
-0.228547
-0.273464
 1.261970
 0.013347
 0.101275
-0.634709
-0.741761
 0.230797
 0.518467
 0.109608
 0.618839