 8.458120e-07
 2.179330e-06
 3.759750e-06
 5.606860e-06
 7.740440e-06
 1.018030e-05
 1.294620e-05
 1.605790e-05
 1.953530e-05
 2.339810e-05
 2.764720e-05
 3.220730e-05
 3.698440e-05
 4.188420e-05
 4.681280e-05
 5.167590e-05
 5.637940e-05
 6.082910e-05
 6.493100e-05
 6.859090e-05
 7.165900e-05
 7.376300e-05
 7.447500e-05
 7.336690e-05
 7.001100e-05
 6.397920e-05
 5.484350e-05
 4.217600e-05
 2.554890e-05
 4.534000e-06
-2.130050e-05
-5.240220e-05
-8.922310e-05
-1.322150e-04
-1.818290e-04
-2.385170e-04
-3.027310e-04
-3.749230e-04
-4.555440e-04
-5.450460e-04
-6.434380e-04
-7.489590e-04
-8.594050e-04
-9.725710e-04
-1.086250e-03
-1.198250e-03
-1.306360e-03
-1.408370e-03
-1.502080e-03
-1.585290e-03
-1.654500e-03
-1.701100e-03
-1.715170e-03
-1.686790e-03
-1.606050e-03
-1.463050e-03
-1.247870e-03
-9.505900e-04
-5.613080e-04
-7.010870e-05
 5.329880e-04
 1.258230e-03
 2.115950e-03
 3.116440e-03
 4.270040e-03
 5.587060e-03
 7.077820e-03
 8.752640e-03
 1.062180e-02
 1.269570e-02
 1.497430e-02
 1.741630e-02
 1.997000e-02
 2.258380e-02
 2.520600e-02
 2.778510e-02
 3.026950e-02
 3.260730e-02
 3.474710e-02
 3.663720e-02
 3.823580e-02
 3.954030e-02
 4.055790e-02
 4.129580e-02
 4.176130e-02
 4.196160e-02
 4.190400e-02
 4.159560e-02
 4.104380e-02
 4.025560e-02
 3.924180e-02
 3.802620e-02
 3.663600e-02
 3.509860e-02
 3.344110e-02
 3.169080e-02
 2.987500e-02
 2.802100e-02
 2.615590e-02
 2.430710e-02
 2.249880e-02
 2.074320e-02
 1.904990e-02
 1.742810e-02
 1.588710e-02
 1.443630e-02
 1.308510e-02
 1.184270e-02
 1.071860e-02
 9.722010e-03
 8.860090e-03
 8.130850e-03
 7.530060e-03
 7.053480e-03
 6.696880e-03
 6.456040e-03
 6.326720e-03
 6.304690e-03
 6.385720e-03
 6.565580e-03
 6.840130e-03
 7.205650e-03
 7.658500e-03
 8.195060e-03
 8.811690e-03
 9.504760e-03
 1.027060e-02
 1.110570e-02
 1.200630e-02
 1.296890e-02
 1.399080e-02
 1.507440e-02
 1.622270e-02
 1.743910e-02
 1.872670e-02
 2.008900e-02
 2.152900e-02
 2.305020e-02
 2.465560e-02
 2.634870e-02
 2.812750e-02
 2.997040e-02
 3.185050e-02
 3.374100e-02
 3.561500e-02
 3.744590e-02
 3.920660e-02
 4.087050e-02
 4.241070e-02
 4.380040e-02
 4.501990e-02
 4.607780e-02
 4.698970e-02
 4.777150e-02
 4.843870e-02
 4.900710e-02
 4.949230e-02
 4.991010e-02
 5.027620e-02
 5.060620e-02
 5.091370e-02
 5.120300e-02
 5.147640e-02
 5.173610e-02
 5.198430e-02
 5.222330e-02
 5.245520e-02
 5.268230e-02
 5.290670e-02
 5.313070e-02
 5.335720e-02
 5.359180e-02
 5.384080e-02
 5.411050e-02
 5.440710e-02
 5.473710e-02
 5.510670e-02
 5.552210e-02
 5.598970e-02
 5.651580e-02
 5.710360e-02
 5.774400e-02
 5.842490e-02
 5.913400e-02
 5.985920e-02
 6.058830e-02
 6.130910e-02
 6.200960e-02
 6.267750e-02
 6.330050e-02
 6.386870e-02
 6.437950e-02
 6.483260e-02
 6.522760e-02
 6.556410e-02
 6.584180e-02
 6.606020e-02
 6.621890e-02
 6.631760e-02
 6.635590e-02
 6.633490e-02
 6.626190e-02
 6.614550e-02
 6.599450e-02
 6.581780e-02
 6.562390e-02
 6.542170e-02
 6.521990e-02
 6.502720e-02
 6.485250e-02
 6.470220e-02
 6.457420e-02
 6.446430e-02
 6.436800e-02
 6.428120e-02
 6.419950e-02
 6.411860e-02
 6.403410e-02
 6.394190e-02
 6.383750e-02
 6.371760e-02
 6.358230e-02
 6.343280e-02
 6.327000e-02
 6.309520e-02
 6.290930e-02
 6.271340e-02
 6.250870e-02
 6.229610e-02
 6.207690e-02
 6.185150e-02
 6.161890e-02
 6.137740e-02
 6.112540e-02
 6.086140e-02
 6.058360e-02
 6.029040e-02
 5.998040e-02
 5.965170e-02
 5.930290e-02
 5.893220e-02
 5.853760e-02
 5.811670e-02
 5.766760e-02
 5.718800e-02
 5.667570e-02
 5.612850e-02
 5.554430e-02
 5.492080e-02
 5.425600e-02