 0.184653
 0.184653
 0.132640
 0.132640
 0.223663
 0.418711
 0.483727
 0.691779
 0.886829
 0.912835
 1.224910
 1.146890
 1.159900
 1.159900
 1.029860
 0.860822
 0.795806
 0.691779
 0.548744
 0.652770
 0.587754
 0.431714
 0.353695
 0.158646
 0.015610
-0.075412
 0.041617
 0.119636
 0.288679
 0.366698
 0.470724
 0.548744
 0.743792
 0.964848
 1.107880
 1.406960
 1.406960
 1.458980
 1.250910
 1.172900
 0.977852
 0.769799
 0.678776
 0.561747
 0.275676
 0.301682
 0.002607
 0.145643
-0.075412
 0.041617
-0.309471
-0.049406
 0.041617
 0.483727
 0.587754
 0.899832
 1.250910
 1.419960
 1.563000
 1.523990
 1.628010
 1.328940
 1.159900
 1.016860
 1.029860
 0.743792
 0.600757
 0.457721
 0.405708
 0.288679
 0.171649
 0.080627
 0.002607
-0.023399
-0.010396
 0.080627
 0.028614
 0.067623
 0.067623
 0.223663
 0.626764
 0.873825
 0.938842
 1.055880
 0.665773
 0.873825
 0.808809
 0.756796
 0.730789
 0.483727
 0.392704
 0.340691
 0.145643
 0.132640
 0.041617
-0.062409
 0.015610
-0.283465
-0.127425
-0.270462
 0.067623
 0.444718
 0.743792
 0.782802
 1.029860
 1.497980
 1.576000
 1.667030
 1.549990
 1.823060
 1.797060
 1.563000
 1.432960
 1.341940
 1.250910
 1.159900
 1.068880
 0.964848
 0.847819
 0.925838
 0.938842
 0.782802
 0.613760
 0.431714
 0.691779
 0.847819
 1.055880
 1.393960
 1.393960
 1.602010
 1.875080
 1.771050
 1.784060
 1.953090
 2.096130
 1.549990
 1.510980
 1.068880
 1.237910
 1.276930
 1.328940
 1.068880
 0.587754
 0.509734
 0.587754
 0.522737
 0.223663
 0.379701
 0.821812
 0.847819
 1.081880
 1.224910
 1.497980
 1.953090
 1.602010
 1.693030
 1.654020
 1.628010
 1.758050
 1.693030
 1.523990
 1.328940
 0.899832
 0.990855
 0.938842
 0.652770
 0.639767
 0.405708
 0.678776
 0.561747
 0.652770
 0.340691
 0.886829
 0.951845
 1.367950
 1.445960
 1.719040
 1.888080
 2.096130
 2.421210
 2.395210
 2.356190
 2.512230
 2.291180
 2.122140
 1.849060
 1.706030
 1.888080
 1.549990
 1.341940
 1.211910
 1.068880
 1.042870
 0.899832
 0.873825
 0.873825
 0.717786
 0.574751
 0.470724
 0.470724
 0.431714
 0.314686
 0.275676
 0.197656
 0.054620
 0.106633
 0.223663
 0.275676
 0.340691
 0.223663
 0.158646
 0.080627
 0.080627
 0.054620
 0.132640
 0.067623
 0.132640
 0.093630
 0.106633
 0.093630
 0.210659
 0.353695
 0.561747
 0.795806
 0.873825
 0.977852
 1.302930
 1.328940
 1.432960
 1.471980
 1.471980
 1.354950
 1.276930
 1.055880
 0.964848
 0.769799
 0.691779
 0.717786
 0.652770
 0.509734
 0.587754
 0.535741
 0.457721
 0.496731
 0.483727
 0.327689
 0.392704
 0.470724
 0.431714
 0.561747
 0.704783
 0.821812
 0.769799
 0.847819
 0.769799
 0.756796
 0.782802
 0.509734
 0.522737
 0.418711
 0.418711
 0.457721
 0.340691
 0.379701
 0.353695
 0.379701
 0.379701
 0.353695
 0.431714
 0.548744
 0.600757
 0.808809
 0.808809
 0.821812
 0.951845
 0.925838
 0.925838
 0.834815
 0.795806
 0.665773
 0.509734
 0.405708
 0.340691
 0.288679
 0.249669
 0.197656
 0.171649
 0.158646
 0.145643
 0.119636
 0.093630
 0.054620
 0.041617
 0.041617
 0.080627
 0.301682
 0.132640
 0.171649
 0.223663
 0.145643
 0.184653
 0.197656
 0.210659
 0.184653
 0.132640
 0.106633
 0.106633
 0.093630
 0.119636
 0.080627
-0.166435
-0.231452
-0.361484
-0.478513
-0.530526
-0.491517
-0.491517
-0.387490
-0.322475
-0.192442
-0.049406
 0.028614
 0.080627
 0.314686
 0.457721
 0.431714
 0.366698
 0.379701
 0.275676
 0.158646
 0.145643
 0.028614
 0.041617
-0.166435
-0.322475
-0.244455
-0.400494
-0.270462
-0.231452
-0.387490
-0.218448
 0.067623
 0.340691
 0.535741
 0.600757
 0.860822
 1.094880
 1.341940
 1.198910
 1.107880
 1.003860
 0.912835
 0.834815
 0.782802
 0.561747
 0.496731
 0.444718
 0.379701
 0.353695
 0.340691
 0.301682
 0.288679
 0.288679
 0.275676
 0.366698
 0.379701
 0.457721
 0.600757
 0.951845
 0.886829
 1.133890
 1.055880
 1.289930
 1.185900
 1.003860
 1.016860
 0.964848
 0.847819
 0.678776
 0.613760
 0.431714
 0.522737
 0.483727
 0.444718
 0.301682
 0.132640
 0.301682
 0.236666
 0.457721
 0.717786
 0.860822
 1.042870
 1.211910
 1.419960
 1.445960
 1.615010
 1.810060
 1.875080
 1.771050
 1.589010
 1.237910
 1.354950
 1.146890
 0.977852
 0.899832
 0.808809
 0.600757
 0.522737
 0.405708
 0.210659
 0.392704
 0.327689
 0.626764
 0.912835
 1.068880
 1.276930
 1.549990
 1.628010
 1.901080
 2.434210
 2.512230
 2.538240
 2.369200
 2.096130
 1.901080
 1.836060
 1.771050
 1.680030
 1.380950
 1.471980
 1.419960
 1.406960
 1.237910
 1.016860
 0.743792
 0.951845
 1.042870
 1.211910
 1.510980
 1.615010
 1.758050
 1.836060
 2.161150
 2.226160
 2.291180
 2.252170
 2.603260
 2.408210
 2.291180
 2.057130
 2.070130
 1.888080
 2.161150
 2.161150
 2.135140
 2.148140
 2.148140
 2.044110
 1.810060
 1.836060
 1.576000
 1.380950
 1.523990
 1.784060
 2.070130
 2.174150
 2.265180
 2.382210
 2.486230
 2.590260
 2.551240
 2.200160
 2.018110
 1.888080
 1.576000
 1.576000
 1.589010
 1.406960
 1.159900
 0.808809
 0.821812
 1.016860
 0.808809
 0.873825
 1.224910
 1.419960
 1.549990
 1.888080
 1.979100
 1.901080
 1.901080
 2.005110
 2.161150
 2.174150
 1.823060
 1.992110
 2.057130
 2.148140
 2.083130
 2.174150