 1.735450
-0.479796
 0.831100
-0.429609
 0.090181
-0.449233
 0.569131
-0.414662
 1.077250
-0.251219
 0.879748
-0.393179
 0.166866
-0.479616
 0.444991
-0.518532
 1.364420
-0.504651
-0.334589
-0.512529
 1.657180
-0.604540
-0.076814
-0.645837
 0.379693
-0.598696
 0.800438
-0.581645
-0.361316
-0.776693
 1.259540
-0.620672
 0.562789
-0.606872
-0.386464
-0.711057
-0.033405
-0.697364
 0.275032
-0.624650
 0.794871
-0.633663
 1.246200
-0.682802
 0.660359
-0.713251
 0.751630
-0.644557
-0.380573
-0.664816
 1.193740
-0.614755
 0.471379
-0.535659
-0.104544
-0.659885
 0.292360
-0.577962
-0.161599
-0.555185
 0.184430
-0.607282
 0.771624
-0.573761
-0.418181
-0.475956
 1.002000
-0.475222
 0.550874
-0.185074
 0.333605
-0.504571
-0.234880
-0.579075
 0.079256
-0.583201
 0.645745
-0.529061
-0.447841
-0.584350
 1.025620
-0.520212
 0.856766
-0.441940
 0.340859
-0.541282
-0.437901
-0.616347
-0.248816
-0.646551
 0.204005
-0.687295
 0.618035
-0.607313
-0.460345
-0.557208
 0.829696
-0.689300
 0.341537
-0.527106
-0.261988
-0.625492
 0.054650
-0.684277
 0.445078
-0.668011
-0.220175
-0.656140
 0.033629
-0.662537
 0.535228
-0.666339
-0.461265
-1.148290
 0.742123
-0.672119
 0.353579
-0.607141
-0.641444
-0.716280
 0.120507
-0.744428
-0.206414
-0.762232
-0.547659
-0.745437
-0.353478
-0.640765
-0.080738
-0.729429
-0.332976
-0.659894
-0.582312
-0.770152
-0.464058
-0.622450
-0.114886
-0.686527
-0.614209
-0.717742
-0.048289
-0.603525
-0.531625
-0.746702
-0.477649
-0.568616
-0.221800
-0.623877
-0.686076
-0.749066
-0.084863
-0.588891
-0.367829
-0.546777
-0.668891
-0.757462
-0.565785
-0.735239
-0.426560
-0.517509
-0.185159
-0.649175
-0.144774
-0.594919
-0.371174
-0.513801
-0.218586
-0.734363
-0.606371
-0.726954
-0.124439
-0.562012
-0.329750
-0.454768
-0.500852
-0.749988
-0.420532
-0.382277
-0.491316
-0.466872
-0.187018
-0.263914
-0.084850
-0.457597
-0.558356
-0.669997
 0.109009
-0.391201
-0.066338
-0.300702
-0.093368
-0.274805
-0.362535
-0.509964
-0.285133
-0.263033
 0.081041
-0.297804
-0.475536
-0.424672
 0.194274
-0.443214
 0.199359
-0.446784
-0.304381
-0.093218
-0.483117
-0.695901
-0.476232
-0.674651
-0.359927
-0.175004
-0.065264
-0.588376
-0.516815
-0.442305
-0.055102
-0.412738
-0.006223
-0.107140
-0.330333
-0.460162
-0.249225
-0.250778
-0.149963
-0.608911
-0.417787
-0.499971
-0.250762
-0.343169
-0.199225
-0.461996
-0.671683
-0.648319
-0.112113
-0.481522
-0.251589
-0.412610
-0.574614
-0.726768
-0.125620
-0.499054
-0.380872
-0.451451
-0.503841
-0.683002
-0.448610
-0.489229
-0.150072
-0.698486
-0.253548
-0.454821
-0.521727
-0.668539
-0.384818
-0.472450
-0.213784
-0.689827
-0.611463
-0.751638
-0.131571
-0.590358
-0.558527
-0.738713
-0.504407
-0.479766
-0.215272
-0.634101
-0.631022
-0.681422
-0.122919
-0.539067
-0.257699
-0.439952
-0.623089
-0.635360
-0.487480
-0.700354
-0.401549
-0.417734
-0.121491
-0.635081
-0.101588
-0.527969
-0.261533
-0.313963
-0.098339
-0.661144
-0.595271
-0.703873
-0.100138
-0.353780
-0.254692
-0.345613
-0.545186
-0.702065
-0.353831
-0.267990
-0.361959
-0.536359
-0.199657
-0.400793
-0.151954
-0.639257
-0.572411
-0.580279
-0.015819
-0.429465
-0.273557
-0.419932
-0.337668
-0.343520
-0.532974
-0.672398
-0.393417
-0.150226
 0.047008
-0.500371
-0.450387
-0.602805
-0.061672
-0.503091
-0.068845
-0.514345
-0.230071
-0.366808
-0.622777
-0.612675
-0.520073
-0.658866
-0.344541
-0.386466
-0.140503
-0.570504
-0.562844
-0.731994
-0.086169
-0.464910
-0.222744
-0.362572
-0.510199
-0.680735
-0.420063
-0.430531
-0.147983
-0.628836
-0.510750
-0.557872
-0.357296
-0.367354
-0.136233
-0.561464
-0.655186
-0.686422
-0.185802
-0.559934
-0.330449
-0.479795
-0.577135
-0.703597
-0.021977
-0.537833
-0.226756
-0.529909
-0.508264
-0.688357
-0.398399
-0.493653
-0.048587
-0.664124
-0.283225
-0.460188
-0.561850
-0.694797
-0.420453
-0.407182
-0.198663
-0.578550
-0.659658
-0.683342
-0.108369
-0.422859
-0.543102
-0.696500
-0.477805
-0.303433
-0.220503
-0.590955
-0.657530
-0.713569
-0.194616
-0.326164
-0.317540
-0.245266
-0.637293
-0.700689
-0.522488
-0.666303
-0.448437
-0.313113
-0.244865
-0.588958
-0.157789
-0.462204
-0.312447
-0.188181
-0.244813
-0.556396
-0.601063
-0.705834
-0.269445
-0.403786
-0.396368
-0.214597
-0.548587
-0.656688
-0.322876
-0.328412
-0.577196
-0.702946
-0.463866
-0.276489
-0.262407
-0.616777
-0.598141
-0.697155
-0.218414
-0.356636
-0.280332
-0.272833
-0.340086
-0.125594
-0.439933
-0.661567
-0.450247
-0.278547
-0.224795
-0.585226
-0.539639
-0.672212
-0.203146
-0.389384
-0.209976
-0.424402
-0.278261
-0.170964
-0.655947
-0.692143
-0.477780
-0.589833
-0.422417
-0.204127
-0.154966
-0.506676
-0.571602
-0.636742
-0.068878
-0.237862
-0.320400
-0.178084
-0.516866
-0.557432
-0.375900
-0.208415
-0.203862
-0.531948
-0.467148
-0.636540
-0.326703
-0.350091
-0.275230
-0.522585
-0.667388
-0.653171
-0.162029
-0.395992
-0.278660
-0.143957
-0.333367
-0.652391
 2.609980
-0.477837
 1.467800
-0.466131
 0.157792
-0.674344
 0.820226
-0.559611
 1.939020
-0.648339
 1.358890
-0.475433
 0.159878
-0.622839
 0.934138
-0.497341
 2.010380
-0.618101
-0.370588
-0.567897