0.604264
0.594159
0.586581
0.584054
0.581528
0.581528
0.579002
0.579002
0.576476
0.576476
0.573950
0.576476
0.579002
0.579002
0.576476
0.573950
0.573950
0.748253
0.743201
0.743201
0.740675
0.738149
0.735623
0.735623
0.733096
0.728044
0.725518
0.725518
0.722992
0.720466
0.717940
0.717940
0.715413
0.712887
0.710361
0.707835
0.707835
0.705309
0.702783
0.700257
0.697731
0.695204
0.692678
0.690152
0.687626
0.685100
0.680048
0.677521
0.677521
0.674995
0.672469
0.669943
0.662365
0.662365
0.659839
0.662365
0.659839
0.654786
0.654786
0.652260
0.647208
0.647208
0.644682
0.642156
0.639629
0.639629
0.634577
0.634577
0.632051
0.629525
0.626999
0.621946
0.621946
0.619420
0.619420
0.616894
0.614368
0.614368
0.609316
0.604264
0.604264
0.599211
0.599211
0.596685
0.594159
0.591633
0.589107
0.586581
0.586581
0.584054
0.579002
0.579002
0.462800
0.467852
0.472905
0.477957
0.480483
0.483009
0.490588
0.503218
0.500692
0.495640
0.493114
0.498166
0.500692
0.500692
0.503218
0.505744
0.508270
0.510797
0.510797
0.513323
0.513323
0.510797
0.515849
0.513323
0.513323
0.515849
0.513323
0.510797
0.510797
0.513323
0.513323
0.510797
0.508270
0.508270
0.505744
0.505744
0.503218
0.500692
0.500692
0.498166
0.495640
0.490588
0.490588
0.495640
0.493114
0.490588
0.488061
0.485535
0.483009
0.483009
0.480483
0.480483
0.475431
0.472905
0.470378
0.470378
0.465326
0.465326
0.462800
0.462800
0.460274
0.457748
0.452696
0.455222
0.450169
0.447643
0.447643
0.445117
0.442591
0.440065
0.437539
0.437539
0.435013
0.435013
0.432486
0.427434
0.427434
0.424908
0.422382
0.419856
0.422382
0.417330
0.417330
0.414804
0.412277
0.409751
0.409751
0.404699
0.404699
0.402173
0.402173
0.399647
0.397121
0.389542
0.389542
0.392068
0.389542
0.387016
0.387016
0.384490
0.384490
0.379438
0.384490
0.381964
0.376912
0.412277
0.414804
0.414804
0.417330
0.419856
0.419856
0.422382
0.422382
0.424908
0.424908
0.419856
0.422382
0.427434
0.429960
0.427434
0.422382
0.424908
0.424908
0.422382
0.419856
0.419856
0.417330
0.417330
0.414804
0.414804
0.412277
0.412277
0.409751
0.409751
0.407225
0.404699
0.407225
0.404699
0.402173
0.404699
0.409751
0.407225
0.402173
0.399647
0.399647
0.397121
0.392068
0.394594
0.392068
0.389542
0.389542
0.387016
0.384490
0.381964
0.379438
0.379438
0.384490
0.379438
0.374385
0.374385
0.371859
0.371859
0.369333
0.364281
0.364281
0.369333
0.369333
0.366807
0.361755
0.361755
0.354176
0.328915
0.306180
0.323863
0.341546
0.331441
0.344072
0.371859
0.379438
0.369333
0.366807
0.361755
0.359229
0.354176
0.354176
0.351650
0.349124
0.344072
0.341546
0.336493
0.336493
0.333967
0.331441
0.412277
0.412277
0.417330
0.414804
0.417330
0.417330
0.414804
0.417330
0.419856
0.422382
0.422382
0.424908
0.422382
0.424908
0.424908
0.422382
0.422382
0.419856
0.419856
0.417330
0.417330
0.414804
0.412277
0.414804
0.412277
0.412277
0.409751
0.407225
0.407225
0.404699
0.404699
0.402173
0.399647
0.399647
0.394594
0.394594
0.392068
0.392068
0.389542
0.387016
0.387016
0.381964
0.381964
0.379438
0.376912
0.379438
0.374385
0.374385
0.371859
0.371859
0.369333
0.364281
0.361755
0.356702
0.356702
0.354176
0.351650
0.351650
0.349124
0.349124
0.346598
0.344072
0.344072
0.341546
0.339020
0.333967
0.328915
0.328915
0.326389
0.323863
0.323863
0.328915
0.328915
0.326389
0.447643
0.450169
0.452696
0.457748
0.460274
0.462800
0.460274
0.460274
0.462800
0.462800
0.465326
0.465326
0.462800
0.465326
0.462800
0.462800
0.460274
0.460274
0.457748
0.455222
0.452696
0.452696
0.450169
0.447643
0.445117
0.442591
0.445117
0.445117
0.442591
0.440065
0.437539
0.435013
0.435013
0.432486
0.429960
0.427434
0.424908
0.422382
0.422382
0.417330
0.417330
0.412277
0.412277
0.409751
0.407225
0.404699
0.404699
0.402173
0.399647
0.397121
0.392068
0.389542
0.387016
0.384490
0.376912
0.376912
0.374385
0.369333
0.366807
0.364281
0.359229
0.359229
0.356702
0.351650
0.351650
0.349124
0.349124
0.344072
0.344072
0.402173
0.407225
0.409751
0.412277
0.412277
0.414804
0.417330
0.419856
0.419856
0.422382
0.419856
0.419856
0.422382
0.417330
0.419856
0.417330
0.414804
0.414804
0.412277
0.412277
0.409751
0.409751
0.407225
0.407225
0.412277
0.414804
0.417330
0.414804
0.412277
0.412277
0.402173
0.397121
0.387016
0.384490
0.379438
0.374385
0.374385
0.371859
0.369333
0.364281
0.364281
0.361755
0.359229
0.356702
0.356702
0.354176
0.349124
0.344072
0.344072
0.341546
0.339020
0.336493
0.333967
0.328915
0.328915
0.326389
0.321337
0.313758
0.311232
0.311232
0.308706
0.301128
0.296075
0.293549
0.293549
0.288497
0.285971
0.283445
0.280918
0.275866
0.275866
0.273340