 1.129110
 1.120210
 0.773261
 1.084020
 0.190649
-0.880421
-0.494755
 0.214990
 0.116767
 0.837399
 0.910958
 0.571351
 1.094790
 0.882241
 0.802109
 0.511826
-0.360959
-0.600814
-0.540974
-0.540795
 0.305865
 0.788764
 0.984997
 1.176650
 0.626822
 0.944747
 0.967696
 0.192590
-0.444456
-0.802669
-0.725916
-0.286899
 0.275490
 0.987715
 1.135070
 0.473128
 0.931050
 0.876682
 1.386710
 0.638208
 1.416370
 0.270090
 0.673117
 0.851429
 1.269450
 1.344370
 3.529230
-1.372320
-1.592460
-1.697320
-1.630210
-1.521220
-2.107050
-2.301970
-2.301910
-1.544690
-1.083170
-1.079200
-1.041200
-1.125950
-1.133520
-0.621357
-1.176500
-1.143920
-1.663250
-2.063270
-2.779600
-1.116700
-1.371810
-0.403334
-0.462577
-0.012230
-0.208444
-0.311917
-0.658075
-0.763746
-1.488820
-1.288610
-1.759580
-1.182840
-0.521590
-0.489171
-0.518072
-0.487716
-0.126827
-0.062063
-0.085888
-0.530664
-0.521724
-1.073920
-1.365800
-1.368260
-1.159390
-0.627036
 0.682143
-0.074546
-1.008660
-0.104373
-0.384306
-0.397023
-1.314200
-1.115860
-1.510090
-1.096040
 0.642678
-0.201555
 0.334099
 0.576830
 0.047096
 0.472416
 0.114226
-0.003086
-1.234490
-0.849370
-0.779293
-0.768932
-0.281945
 0.673196
 0.244157
 0.521092
 0.380197
 0.488606
-0.332230
-0.310091
-0.925888
-0.680424
-0.747371
 0.227186
 0.334671
 0.161880
 0.310136
 0.485726
 0.294756
 0.580936
 0.535823
 0.075000
-0.318698
-0.375661
-0.924030
-0.429722
 0.516575
 0.333927
 0.904838
 0.314504
 0.522493
 0.843117
 0.746855
 0.606831
 0.651670
 0.332505
 0.116813
 0.057148
 1.450500
 1.085230
 1.109000
 1.149190
 1.162410
 1.145860
 0.773907
 1.076350
 0.302563
-0.904874
-0.398948
 0.173522
 0.116445
 0.818518
 0.909109
 0.598422
 1.130370
 0.883977
 0.832033
 0.490834
-0.375715
-0.644444
-0.570272
-0.608552
 0.306422
 0.807750
 0.979710
 1.210180
 0.628736
 0.963041
 0.982013
 0.218618
-0.444438
-0.831164
-0.779526
-0.315903
 0.242105
 1.048710
 1.138000
 0.460030
 0.949082
 0.853056
 1.458090
 0.644549
 1.507470
 0.321904
 0.841756
 0.865614
 1.269700
 1.350160
 3.863680
-1.371040
-1.561150
-1.666890
-1.576570
-1.511230
-2.115010
-2.301890
-2.291440
-1.537880
-1.085630
-1.029640
-1.036590
-1.107600
-1.100290
-0.614837
-1.189090
-1.211250
-1.735050
-2.110920
-2.780310
-1.106800
-1.382800
-0.413404
-0.426489
-0.021329
-0.187483
-0.315265
-0.661427
-0.787206
-1.554430
-1.222440
-1.656690
-1.158020
-0.408624
-0.481205
-0.475744
-0.464529
-0.098847
-0.026219
-0.075614
-0.520790
-0.373779
-0.989904
-1.383360
-1.295990
-1.141910
-0.658401
 0.787077
-0.070824
-1.008620
-0.105211
-0.333797
-0.401883
-1.311120
-1.158170
-1.397120
-0.978001
 0.746395
-0.114165
 0.426920
 0.663242
 0.088608
 0.517451
 0.141420
-0.008767
-1.231460
-0.851637
-0.791731
-0.749144
-0.273422
 0.850972
 0.364974
 0.606684
 0.425108
 0.542183
-0.141516
-0.245189
-0.853621
-0.562733
-0.580800
 0.318086
 0.350185
 0.203285
 0.352769
 0.516528
 0.333891
 0.645534
 0.605354
 0.126537
-0.301953
-0.272696
-0.788180
-0.402665
 0.755507
 0.371121
 0.963646
 0.335034
 0.542581
 0.923936
 0.730761
 0.677930
 0.765241
 0.501542
 0.193569
 0.159087
 1.537820
 1.098470
 1.127110
 1.210020
 1.196310
 1.188500
 0.790421
 1.067760
 0.434342
-0.929481
-0.301091
 0.136737
 0.119003
 0.815260
 0.907619
 0.639225
 1.177070
 0.885940
 0.863880
 0.479324
-0.385809
-0.683893
-0.596532
-0.661584
 0.308977
 0.826640
 0.986710
 1.243970
 0.631379
 0.984392
 0.999824
 0.248672
-0.443381
-0.855073
-0.829503
-0.339773
 0.212747
 1.116740
 1.139570
 0.455929
 0.966871
 0.832550
 1.512780
 0.647599
 1.565730
 0.352136
 0.966602
 0.855824
 1.257630
 1.348320
 4.123210
-1.369160
-1.526090
-1.623490
-1.518700
-1.498830
-2.119940
-2.302030
-2.280730
-1.531040
-1.085580
-0.977505
-1.030070
-1.085430
-1.062850
-0.607853
-1.193940
-1.262680
-1.800190
-2.160290
-2.774740
-1.092460
-1.383920
-0.414888
-0.388177
-0.021571
-0.162996
-0.314775
-0.660213
-0.800571
-1.618750
-1.144510
-1.540720
-1.132050
-0.286381
-0.472180
-0.416967
-0.440458
-0.071215
 0.016154
-0.065691
-0.510995
-0.203759
-0.901669
-1.398930
-1.208010
-1.110110
-0.673129
 0.897959
-0.052555
-0.999774
-0.104642
-0.280430
-0.405102
-1.306690
-1.191910
-1.269820
-0.839102
 0.854896
-0.011677
 0.545470
 0.758048
 0.131521
 0.572361
 0.169946
-0.011109
-1.224090
-0.854684
-0.792441
-0.730153
-0.257005
 1.028430
 0.506728
 0.704360
 0.475446
 0.600189
 0.057613
-0.168652
-0.772261
-0.444799
-0.393362
 0.420900
 0.376532
 0.246549
 0.414432
 0.555113
 0.373536
 0.726350
 0.681869
 0.186671
-0.277640
-0.165393
-0.630025
-0.365920
 1.013240
 0.409551
 1.022040
 0.355955
 0.563276
 1.009020
 0.724454
 0.762217
 0.899335
 0.682347
 0.275504
 0.267453
 1.633830
 1.112750
 1.152830
 1.272430
 1.230340
 1.245810
 0.821775
 1.057450
 0.581786
-0.952011
-0.206485
 0.104273
 0.124566
 0.827733
 0.906504
 0.693222
 1.234430
 0.888137
 0.896886
 0.476829
-0.391255
-0.718613
-0.621615
-0.699051
 0.313599
 0.845273
 1.007020
 1.277480
 0.634717
 1.008260
 1.020950
 0.282332
-0.441159
-0.874384
-0.875306
-0.358858