 2.927340
 1.454190
 2.766970
 1.478430
 2.987920
 1.482080
 3.001370
 1.502650
 3.040000
 1.428990
 3.001870
 1.524540
 3.084320
 1.539100
 3.080780
 1.544740
 3.157680
 1.586150
 3.144310
 1.596400
 3.334480
 1.631280
 3.196340
 1.583670
 3.196430
 1.593980
 3.184320
 1.590640
 3.204410
 1.588430
 3.087470
 1.632720
 3.200060
 1.646590
 3.264790
 1.580800
 3.152180
 1.590480
 3.252850
 1.632490
 3.281180
 1.661970
 3.238230
 1.639710
 3.273780
 1.630980
 3.290550
 1.629950
 3.287400
 1.659030
 3.279590
 1.664140
 3.206390
 1.648490
 3.315590
 1.666330
 3.325340
 1.685570
-0.358696
-0.114582
 0.086023
 0.275615
 0.412959
 0.525461
 0.637596
 0.709494
 0.783681
 0.480243
 0.602042
 0.693145
 0.827043
-0.351011
-0.117772
 0.093890
 0.252044
 0.379448
-0.334373
-0.081704
 0.109518
 0.265130
 0.391478
 0.584481
 0.713203
 0.809527
 0.840940
 0.499504
 0.636640
 0.733649
 0.815639
-0.327358
-0.054067
 0.158540
 0.324664
 0.458551
-0.292543
 0.055805
 0.359844
 0.544220
 0.619708
 0.686904
 0.780484
 0.796124
 0.855411
 0.511073
 0.654482
 0.689361
 0.714073
-0.397428
-0.057431
 0.200605
 0.405733
 0.507666
 0.263338
 0.470378
 0.386163
 0.328874
 0.350452
 0.344962
 0.351027
 0.344510
 0.342374
 0.354116
 0.345929
 0.334608
 0.341903
 0.335986
 0.329902
 0.324055
 0.323247
 0.330767
 0.334209
 0.330925
 0.328610
 0.325167
 0.326666
 0.323543
 0.333634
 0.321199
 0.305869
 0.307512
 0.346669
 0.342304
 0.338918
 0.340114
 0.333442
 0.336935
 0.338290
 0.345826
 0.340308
 0.327743
 0.350641
 0.347564
 0.339172
 0.313064
 0.347277
 0.297932
 0.352060
 0.336265
 0.339769
 0.334905
 0.319544
 0.322724
 0.319688
 0.318766
 0.321879
 0.314447
 0.319003
 0.307449
 0.341323
 0.350001
 0.346156
 0.349540
 0.346877
 0.348442
 0.350787
 0.346622
 0.354799
 0.347106
 0.341270
 0.343260
 0.338867
 0.339118
 0.327934
 0.328343
 0.367488
 0.354258
 0.351416
 0.355194
 0.341249
 0.351959
 0.355130
 0.355349
 0.353201
 0.346556
 0.347533
 0.357599
 0.226238
 0.340975
 0.343209
 0.350550
 0.343140
 0.330369
 0.336930
 0.348620
 0.355766
 0.345482
 0.319689
 0.353353
 0.351205
 0.345295
 0.352043
 0.344546
 0.255657
 0.358358
 0.321560
 0.291132
 0.284719
 0.285049
 0.286049
 0.284244
 0.271974
 0.274623
 0.284125
 0.276715
 0.262330
 0.245849
 0.288518
 0.289702
 0.303529
 0.294278
 0.276924
 0.282683
 0.257853
 0.248827
 0.244314
 0.230496
 0.208783
 0.204945
 0.187061
 0.183116
 0.163075
 0.157329
 0.136568
 0.324454
 0.323904
 0.313673
 0.247129
 0.340981
 0.276795
 0.288810
 0.273714
 0.267506
 0.275606
 0.331052
 0.324579
 0.322451
 0.326334
 0.310440
 0.287390
 0.361606
 0.297481
 0.324118
 0.330038
 0.317252
 0.305124
 0.389753
 0.327339
 0.267849
 0.235585
 0.213952
 0.202710
 0.189336
 0.188193
 0.171503
 0.170140
 0.159715
 0.158589
 0.153269
 0.143863
 0.134572
 0.127614
 0.116791
 0.233417
 0.224208
 0.215004
 0.197018
 0.182382
 0.158762
 0.269267
 0.342706
 0.340468
 0.343467
 0.337068
 0.339426
 0.323773
 0.343849
 0.317361
 0.323484
 0.279645
 0.258784
 0.313776
 0.321959
 0.324721
 0.276488
 0.332470
 0.356344
 0.349151
 0.354217
 0.405352
 0.284979
 0.275228
 0.260231
 2.613510
 0.977209
 0.416984
 0.349942
 0.325636
 0.329302
 0.308218
 0.295122
 0.317083
 0.308073
 0.301434
 0.315058
 0.318919
 0.311062
 0.321543
 0.315025
 0.320820
 0.326031
 0.304102
 0.337527
 0.324315
 0.320837
 0.321836
 0.309826
 0.204619
 0.304459
 0.327576
 0.294584
 0.324975
 0.333353
 0.324584
 0.323372
 0.328706
 0.319198
 0.302368
 0.316054
 0.324755
 0.318758
 0.323293
 0.454159
 0.321472
 0.328052
 0.326891
 0.323713
-0.874674
 0.285900
-0.756307
 1.427800
 0.809303
 0.276944
 0.298074
 0.318367
 0.310020
 0.312425
 0.321814
 0.321233
 0.326478
 0.590047
 0.309627
 0.324410
 0.331845
 0.321879
 0.334114
 0.303955
 0.353177
 0.334948
 0.325096
 0.294856
 0.324545
 0.323076
 0.310698
 0.325075
 0.323094
 0.333349
 0.331066
 0.326570
 0.313125
 0.326377
 0.338978
 0.337577
 0.245875
 0.431686
 0.340572
 0.331638
 0.337985
 0.337295
 0.334605
 0.323898
 0.328590
 0.343753
 0.334367
 0.343638
 0.344606
 0.340516
 0.327354
 0.335563
 0.336320
 0.345126
 0.325192
 0.313095
 0.308591
 0.347512
 0.363600
 0.349323
 0.853965
-0.496848
 0.861621
-0.492369
 0.929807
-0.504230
 0.929887
-0.497827
 0.968460
-0.497553
 0.965744
-0.496647
 0.947119
-0.505741
 0.966100
-0.499963
 0.967682
-0.499010
 0.960042
-0.507743
 0.953852
-0.503564
 0.977556
-0.507193
 0.968312
-0.515489
 0.993913
-0.507162
 0.994999
-0.493013
 1.010030
-0.493701
 0.986787
-0.502189
 0.995321
-0.501380
 0.992892
-0.513089
 0.997304
-0.508912
 1.036500
-0.505841
 1.019020
-0.509722
 1.006420
-0.511158
 1.022160
-0.521235
 1.013160
-0.524483
 1.014150
-0.532615
 1.006120
-0.528286
 1.005530
-0.530618
 1.005880
-0.522912
 1.018510
-0.526715
 1.022010
-0.534475
 1.019420
-0.522095
 1.025960
-0.538125
 1.034400
-0.530837
 1.024270
-0.542149
 1.028180
-0.532722
 1.014100
-0.525006
 1.023710
-0.522802
 1.006910
-0.539856
 1.012750
-0.538619
 0.989901
-0.524792
 1.025350
-0.522142