-0.921687
-0.926455
-0.926566
-0.916794
-0.909743
-0.401928
-0.858936
-0.905304
-0.909472
-0.917150
-0.920757
-0.921305
-0.921656
-0.921351
-0.920605
-0.918326
-0.431672
-0.757105
-0.877450
-0.909440
-0.919230
-0.909670
-0.913944
-0.904217
-0.915300
-0.920278
-0.912644
-0.802803
-0.885859
-0.908147
-0.906641
-0.905227
-0.919704
-0.921920
-0.925271
-0.921958
-0.919864
-0.923617
-0.923464
-0.917029
 0.436826
 0.700833
 0.731344
 0.477035
 0.262229
 0.354939
 0.476940
 0.493071
 0.472383
 0.476797
 0.521771
 0.434809
 0.327491
 0.270728
 0.201461
 0.664963
 0.813466
 0.715145
 0.450557
 0.356414
 0.559667
 0.598016
 0.598241
 0.655772
 0.524698
 0.491258
 0.508468
 0.482836
 0.397840
 1.624030
 1.686670
 1.417800
 1.596530
 1.731920
 1.318010
 1.596860
 1.776930
 2.168570
 2.020320
 1.888360
 1.990830
 1.919700
 2.068600
 2.010020
 1.667570
 1.779110
 1.625510
 1.627490
 1.762670
 1.901790
 1.980470
 1.891310
 1.049690
 1.100820
 0.932810
 0.749119
 0.751606
 0.722935
 0.705235
 0.822105
 0.867013
 1.097800
 0.963723
 0.871858
 0.976714
 0.813245
 0.896483
 1.022400
 1.172350
 1.146750
 0.889302
 0.993280
 0.816061
 0.801783
 0.900013
-0.668819
-0.780381
-0.840563
-0.883643
-0.868985
-0.876849
-0.883006
-0.895065
-0.916670
-0.923462
-0.921745
-0.918852
-0.921104
-0.919409
-0.916585
-0.902614
-0.813732
-0.922467
-0.922481
-0.918266
-0.920435
-0.915193
-0.910590
-0.906714
-0.909818
-0.915956
-0.909060
-0.833045
-0.751901
-0.905735
-0.914317
-0.920740
-0.919518
-0.919276
-0.916849
-0.917784
-0.921312
-0.924346
-0.923251
-0.897854
-0.886411
-0.906447
-0.889324
-0.887149
-0.900033
-0.905559
-0.915387
-0.916370
-0.899280
-0.897893
-0.914646
-0.914990
 0.014228
-0.692228
-0.872665
-0.904832
-0.901961
-0.903634
-0.901508
-0.903735
-0.904280
-0.905271
-0.907350
-0.907099
-0.903043
-0.903125
-0.905978
-0.870469
-0.427911
-0.654993
-0.871907
-0.899036
-0.902757
-0.892479
-0.892295
-0.902103
-0.904530
-0.901675
-0.905217
-0.904430
-0.904191
-0.877292
 0.210166
 0.296430
 0.336644
 0.341828
 0.369770
 0.464516
 0.429925
 0.425003
 0.325891
 0.270994
 0.327046
 0.345520
 0.306215
 0.248084
 0.252094
 0.269808
 0.359196
 0.385450
 0.429744
 0.386499
 0.348651
 0.375881
 0.392465
 0.453906
 0.415870
 0.316380
 0.333230
 0.377521
 0.377726
 0.380688
 0.378450
 1.324750
 1.160300
 1.175010
 1.484920
 1.781880
 0.798495
 1.034830
 0.990438
 0.845754
 0.845800
 0.848093
 0.815831
 1.150490
 1.584680
 1.656630
 1.519630
 1.558060
 1.177560
 1.138510
 1.209640
 1.125920
 1.420160
 1.791790
 0.871929
 0.783662
 0.746739
 0.832468
 0.722860
 0.741823
 0.578432
 0.533328
 0.776393
 0.790320
 0.690065
 1.115760
 1.065840
 0.917275
 0.775698
 0.825282
 0.978818
 0.990607
 1.002270
 1.068100
 1.373990
 1.209730
 0.905740
 1.013390
 1.056930
 0.976009
 1.013640
 1.112380
-0.314124
-0.749395
-0.853389
-0.869803
-0.897147
-0.908973
-0.908142
-0.899985
-0.895653
-0.887316
-0.885910
-0.885086
-0.894297
-0.911004
-0.914125
-0.864873
-0.677143
-0.897133
-0.915651
-0.913660
-0.913399
-0.910358
-0.915910
-0.923714
-0.922566
-0.922736
-0.926193
-0.918895
-0.612210
-0.864132
-0.906111
-0.917808
-0.922983
-0.903462
-0.885135
-0.870687
-0.876411
-0.905074
-0.920019
-0.911837
-0.913786
-0.915845
-0.712579
-0.880244
-0.899067
-0.897932
-0.916811
-0.919503
-0.909997
-0.868016
-0.848464
-0.809977
-0.790146
-0.833682
 0.491461
-0.783374
-0.882406
-0.879583
-0.847355
-0.865152
-0.910968
-0.911973
-0.912130
-0.902791
-0.904515
-0.887198
-0.107328
-0.815774
-0.903537
-0.912123
-0.920973
-0.919796
-0.919276
-0.920104
-0.916680
-0.916891
-0.921733
-0.921849
 0.388671
 0.476909
 0.447519
 0.496703
 0.559578
 0.460754
 0.340784
 0.352978
 0.419226
 0.501446
 0.476405
 0.440182
 0.558941
 0.516418
 0.220878
 0.416104
 0.602994
 0.683583
 0.531483
 0.553677
 0.709070
 0.527156
 0.454340
 0.613735
 0.617278
 0.536229
 0.488219
 0.495894
 0.422693
 1.717280
 1.774420
 1.614440
 1.497720
 1.243280
 1.470130
 1.965040
 2.210950
 1.979980
 1.705450
 1.570550
 1.823640
 1.735600
 1.845720
 2.312000
 2.090420
 1.949410
 1.712500
 1.818100
 1.794380
 1.882450
 2.030740
 1.274990
 1.072090
 1.048860
 1.056020
 1.012030
 1.001120
 1.077820
 1.055870
 1.354750
 1.226890
 1.125940
 1.089320
 0.955210
 0.931437
 1.015010
 0.997319
 1.299680
 1.181270
 1.144620
 1.023790
 0.945939
 0.961941
 1.116580
 1.139440
-0.707318
-0.893905
-0.896842
-0.889532
-0.888711
-0.887091
-0.898510
-0.914598
-0.903382
-0.902242
-0.870481
-0.908266
-0.920256
-0.923828
-0.924159
-0.924709
-0.922222
-0.915619
-0.788626
-0.783817
-0.848420
-0.843047
-0.805464
-0.897348
-0.913963
-0.919021
-0.923513
-0.926263
-0.930498
-0.929109
-0.926198
-0.926726
-0.923874
-0.754618
-0.886430
-0.906179
-0.917903
-0.916329
-0.913552
-0.908789
-0.893147
-0.888738
-0.884682
-0.886750
-0.913474
-0.918915
-0.919847
 0.767785
-0.635794
-0.671681
-0.791146
-0.807369
-0.773969
-0.872549
-0.858953
-0.861600
-0.902164
-0.907624
-0.898806
-0.713313
-0.808265
-0.872711
-0.857425
-0.852672
-0.779214
-0.744744
-0.821473
-0.799100
-0.793253
-0.806493
-0.852963
 0.850727
 0.884103
 0.902553
 1.061840
 0.982561
 0.854505
 0.815955
 0.517735
 0.324549
 0.445616
 0.447083
 0.448088
 0.514231
 0.838877
 0.856994
 0.754707
 0.616685
 0.763874
 0.893999
 0.877188
 0.897379
 0.952837
 0.876045
 0.744000
 0.694513
 0.641772
 1.567430
 1.849440
 1.932200
 1.802900
 1.395600
 1.737380
 1.856580
 0.376046
 0.311830
 0.324837
-0.012361
 0.299690
 0.288421
 0.343799
 0.315951
 0.407669
 0.487289
 1.696390
 1.687500
 1.749010
 1.923330
 2.122160
 2.158250
 0.648312
 0.574084
 0.500754
 0.550762
 0.353690
 0.366182
 0.587074
 0.613016
 1.841040
 2.176920
 2.214320
 2.394320
 2.301130
 1.928040
 2.130730
 2.442310
 0.373910
 0.180672
 0.469730
 0.669426
 0.592232
 0.491676
 0.441468
 0.279752
-0.581721
-0.755826
-0.869597
-0.892384
-0.915024
-0.916418
-0.914929
-0.903389
-0.891149
-0.902130
-0.919203
-0.782166
-0.846403
-0.887125
-0.901283
-0.919401
-0.836147
-0.807720
-0.857638
-0.924970
-0.921857
-0.924864
-0.925719
-0.817231
-0.905857
-0.919912
-0.623450
-0.473633
-0.108151
-0.263789
-0.368921
-0.758318
-0.824347
-0.799345
-0.820725
-0.773037
-0.881496
-0.864014
-0.878525
-0.921154
-0.922588
-0.896663
-0.897520
-0.800531
-0.776604
-0.845595
-0.893808
-0.917271
-0.798226
-0.854612
-0.863173
-0.861440
-0.829892
-0.786502
-0.818563
-0.831040
-0.856977
-0.883893
-0.898249
-0.789275
-0.842854
-0.884050
-0.899312
-0.780243
-0.786662
-0.766688
-0.855650
-0.825423
-0.826972
-0.891808
-0.879275
-0.848515
-0.797565
-0.808224
 1.049340
 1.075100
 1.134110
 1.225150
 1.051350
 0.871652
 0.965779
 0.993515
 1.025890
 1.157960
 1.081480
 1.052260
 0.997489
 0.990532
 1.047780
 1.065920
 1.043900
 1.049320
 1.160050
 1.192140
 1.143520
 1.126180
 1.090440
 1.037470
 1.119380
 1.163360
 1.923450
 2.007430
 1.824660
 2.131010
 1.960290
 1.812220
 2.270610
 2.169010
 2.152050
 2.199980
 2.267810
 1.951600
 2.035560
 2.124320
 0.705634
 0.725666
 0.840611
 0.926534
 0.928650
 0.812010
 0.586190
 0.618939
 0.840655
 1.048020
 0.917474
 0.691298
 0.720075
 0.925914
 0.990583
 0.982900
 0.898149
 0.826458
 0.678627
 0.810272
 0.967692
 0.927575
 0.826696
 1.984330
 2.030800
 1.752160
 2.041290
 2.086850
 2.135010
 2.433080
-0.827762
-0.779827
-0.807071
-0.877689
-0.900890
-0.907445
-0.917101
-0.917934
-0.914995
-0.920699
-0.905539
-0.907469
-0.626109
-0.919246
-0.908307
-0.896050
-0.906992
-0.923803
-0.920907
-0.921903
-0.923050
-0.906387
-0.850980
-0.588397
-0.893353
-0.925588
-0.928135
-0.928494
-0.927740
-0.925285