 0.724122
 0.452559
 0.365933
-1.924530
-0.191511
-0.393696
 1.191130
 1.183560
-0.427303
-1.194710
 0.051696
-2.743670
 0.083203
-2.723790
 0.717057
 0.483727
 0.378421
-1.928820
-0.153323
-0.394830
 1.209170
 1.212690
-0.400145
-1.192410
-0.368904
-1.217660
 0.096939
-2.685420
 1.202870
 1.205500
 0.733237
 0.452171
 0.368197
-1.961360
-0.176821
-0.423825
 1.207810
 1.197790
-0.399909
-1.200000
 0.094806
-2.742940
 0.737339
 0.433902
 0.371500
-1.972270
-0.189087
-0.427450
 0.714066
 0.441500
 0.370559
-2.001180
-0.182249
-0.436147
 1.193150
 1.201740
-0.429167
-1.223230
 0.066347
-2.775300
 1.359370
 1.011000
-0.043945
-3.021740
 0.513293
-3.595040
 0.942515
 0.135793
 0.652823
-1.291880
 0.308374
-0.212452
 0.511043
-1.505170
 0.911942
 0.417160
 0.649730
-1.647780
 0.358124
-0.616141
 1.365180
 1.130760
 0.246764
-1.223510
 0.915019
 0.272127
 0.687036
-1.389650
 0.371062
-0.267708
 1.349580
 1.217230
 0.261491
-0.706011
 0.531579
-1.425110
 1.367680
 1.223300
 0.921838
 0.455250
 0.683416
-1.029830
 0.370283
-0.117230
 0.311277
-0.619495
 0.550159
-1.432560
 0.422210
-0.060010
 1.368170
 1.239310
 0.253176
-0.578096
 0.549322
-1.299810
 0.925069
 0.537660
 0.692904
-0.924897
 0.911407
 0.529306
 0.682870
-0.888692
 0.359487
-0.018069
 1.352000
 1.238980
 0.255271
-0.415081
 0.519457
-1.282900
 0.505915
-1.245070
 0.877475
 0.573511
 0.655772
-0.815755
 0.352587
 0.001105
 1.326150
 1.232070
 0.235352
-0.462636
 0.251377
-0.453075
 0.541918
-1.219770
 1.324300
 1.236070
 0.893209
 0.537830
 0.675617
-0.743516
 0.340481
 0.063140
 1.330460
 1.237710
 0.227931
-0.391432
 0.533066
-1.225000
 0.854938
 0.577279
 0.637259
-0.747732
 0.295465
 0.114595
 0.909947
 0.647092
 0.673949
-0.696144
 0.315914
 0.126136
 1.374170
 1.273450
 0.197868
-0.328167
 0.513383
-1.117100
 1.248650
 1.239680
-0.148742
-1.257330
 0.327502
-2.787060
 0.882253
 0.450551
 0.581359
-2.035390
 0.083100
-0.438743
 0.296760
-2.859290
 0.864108
 0.454281
 0.549636
-2.085730
 0.033668
-0.482940
 1.247080
 1.198000
-0.203280
-1.302790
 0.852540
 0.402002
 0.533689
-2.126450
 0.005212
-0.504513
 1.172870
 1.206110
-0.228739
-1.344780
 0.251305
-2.857040
 1.231380
 1.215300
 0.857903
 0.421662
 0.500778
-2.097960
 0.010334
-0.520609
-0.288970
-1.369990
 0.207657
-2.930030
-0.038039
-0.520686
 1.197720
 1.148520
-0.266718
-1.342120
 0.215342
-2.919400
 0.786708
 0.370586
 0.487952
-2.129790
 0.797067
 0.344513
 0.469455
-2.154060
-0.051296
-0.545264
 1.193640
 1.131930
-0.298844
-1.375980
 0.209969
-2.909300
 0.201057
-2.930420
 0.785005
 0.378982
 0.466545
-2.140650
-0.041223
-0.513197
 1.227260
 1.162390
-0.300854
-1.354400
-0.308166
-1.384350
 0.172059
-2.918020
 1.215920
 1.144470
 0.794555
 0.375163
 0.470042
-2.198890
-0.061224
-0.534339
 1.211080
 1.216430
-0.295974
-1.375410
 0.206268
-2.916020
 0.791020
 0.366927
 0.467061
-2.150860
-0.066880
-0.559237
 0.816404
 0.363300
 0.462346
-2.170300
-0.084214
-0.549844
 1.216100
 1.171130
-0.317776
-1.396630
 0.198290
-2.986350
 1.226030
 1.204990
-0.317816
-1.417870
 0.179382
-3.502890
 0.798230
 0.381844
 0.483309
-2.213280
-0.075195
-0.564006
 0.188407
-3.027880
 0.812568
 0.380941
 0.484562
-2.220000
-0.071218
-0.552603
 1.226040
 1.197970
-0.306030
-1.462480
 0.824774
 0.381167
 0.482642
-2.197550
-0.077230
-0.563924
 1.229340
 1.210310
-0.315030
-1.391930
 0.189000
-2.950890
 1.231510
 1.218580
 0.816878
 0.359645
 0.458422
-2.175390
-0.085451
-0.570726
-0.328577
-1.404750
 0.188426
-2.983070
-0.061584
-0.560031
 1.238850
 1.219310
-0.298042
-1.399870
 0.191658
-2.948910
 0.828792
 0.368067
 0.505237
-2.213100
 0.821441
 0.369078
 0.517463
-2.258660
-0.051050
-0.632444
 1.214850
 1.177860
-0.291562
-1.514260
 0.201356
-3.134940
 0.217025
-3.144440
 0.839189
 0.364441
 0.508806
-2.297310
-0.057720
-0.609224
 1.253820
 1.188610
-0.282035
-1.480600
-0.321792
-1.492640
 0.194757
-3.127650
 1.246000
 1.201070
 0.828387
 0.376268
 0.502271
-2.274410
-0.044155
-0.580996
 1.251550
 1.209020
-0.301513
-1.448490
 0.198243
-3.112240
 0.828348
 0.378942
 0.468736
-2.267650
-0.053781
-0.615847
 0.828002
 0.363793
 0.485708
-2.254400
-0.043766
-0.557615
 1.235740
 1.190670
-0.290649
-1.417380
 0.194936
-3.029650
 1.366380
 1.223850
-0.294451
-0.865435
 0.149141
-1.334250
 0.731551
 0.584331
 0.415664
-0.774855
-0.043423
 0.086738
 0.201796
-1.155830
 0.746894
 0.611126
 0.440342
-0.923412
-0.011964
-0.052235
 1.370480
 1.237000
-0.153146
-0.479445
 0.786925
 0.598930
 0.485486
-0.843074
 0.055997
 0.083559
 1.364660
 1.268660
-0.080962
-0.381263
 0.284893
-1.152450
 1.359480
 1.256290
 0.816954
 0.640483
 0.514239
-0.757246
 0.081586
 0.109654
-0.042046
-0.356376
 0.333950
-1.119850
 0.123904
 0.114512
 1.373960
 1.263750
-0.040905
-0.326980
 0.348209
-1.041320
 0.834297
 0.701991
 0.546122
-0.681730
 0.819724
 0.685227
 0.506233
-0.709482
 0.096280
 0.142487
 1.335600
 1.273930
-0.021150
-0.306651
 0.300865
-1.079240
 0.318702
-1.060950
 0.809199
 0.630962
 0.507185
-0.680770
 0.113025
 0.125893
 1.349880
 1.234520
-0.017755
-0.302742
 0.030709
-0.301044
 0.360533
-1.061970
 1.342430
 1.223380
 0.823349
 0.646749
 0.530915
-0.673140
 0.113819
 0.172580
 1.348880
 1.243770
-0.014653
-0.331094
 0.304415
-1.061560
 0.812745
 0.651449
 0.533937
-0.676293
 0.147603
 0.140351
 0.815817
 0.637638
 0.501048
-0.657500
 0.129811
 0.142356
 1.365950
 1.269580
-0.005896
-0.297925
 0.334088
-1.065020
 1.368850
 1.270510
-0.004240
-0.271717
 0.342983
-1.050310
 0.812766
 0.657368
 0.515948
-0.693731
 0.116627
 0.120977
 0.288723
-1.072840
 0.794929
 0.645473
 0.483664
-0.692114
 0.106805
 0.119434
 1.351090
 1.257020
-0.052794
-0.344389
 0.787348
 0.639955
 0.500400
-0.685035
 0.090748
 0.124767
 1.362240
 1.259110
-0.027439
-0.315474
 0.299591
-1.018260
 1.356840
 1.254740
 0.805704
 0.649655
 0.503389
-0.678420
 0.109240
 0.121427
-0.011702
-0.307182
 0.328748
-1.053280
 0.169251
 0.101203
 1.364870
 1.268220
-0.025764
-0.322926
 0.309020
-1.032340
 0.801454
 0.648343
 0.501748
-0.689746
 0.802866
 0.601018
 0.503673
-0.717505
 0.102649
 0.131882
 1.351560
 1.250150
-0.053895
-0.280335
 0.322381
-1.031440
 0.312334
-1.030050
 0.788865
 0.676739
 0.517525
-0.659840
 0.113678
 0.140272
 1.342740
 1.277600
-0.022803
-0.293064
-0.002028
-0.297726
 0.328362
-1.050850
 1.337980
 1.282130
 0.810263
 0.656877
 0.512047
-0.648694
 0.097417
 0.142388
 1.360700
 1.275370
-0.022701
-0.296621
 0.320467
-1.044000
 0.801838
 0.656643
 0.522417
-0.668940
 0.139263
 0.140504
 0.804859
 0.635951
 0.538718
-0.691043
 0.139326
 0.124331
 1.363380
 1.266020
-0.030877
-0.353160
 0.305559
-1.110680
 1.356070
 1.227220
-0.180431
-0.401037
 0.198708
-1.091210
 0.750852
 0.595526
 0.435040
-0.738657
 0.001269
 0.048685
 0.209978
-1.250790
 0.768117
 0.564529
 0.462901
-0.820108
 0.058711
-0.016763
 1.363660
 1.251720
-0.100762
-0.505087
 0.764842
 0.552881
 0.470663
-0.873504
 0.062537
 0.006735
 1.358320
 1.239120
-0.065288
-0.441137
 0.275517
-1.175320
 1.359360
 1.250010
 0.803250
 0.555226
 0.475338
-0.819527
 0.050744
 0.010544
-0.039843
-0.454458
 0.286350
-1.236070
 0.111869
 0.015120
 1.358510
 1.244330
-0.025715
-0.434006
 0.313451
-1.162250
 0.803542
 0.574634
 0.488437
-0.832282
 0.786000
 0.546585
 0.465052
-0.819485
 0.072390
 0.008984
 1.360150
 1.250400
-0.058813
-0.394805
 0.299229
-1.172990
 0.287532
-1.132980
 0.809248
 0.592002
 0.495309
-0.771447
 0.078477
 0.048126
 1.360610
 1.251250
-0.056508
-0.419374
-0.029881
-0.401185
 0.287201
-1.176570
 1.355550
 1.250590