0.951057
0.898709
0.872535
0.820188
0.767840
0.728579
0.676232
0.650058
0.636972
0.650058
0.676232
0.754754
0.846361
0.964143
1.108090
1.173530
1.173530
1.121190
1.081930
1.029580
0.977230
0.924882
0.872535
0.846361
0.807100
0.767840
0.741666
0.702406
0.676232
0.663145
0.676232
0.676232
0.650058
0.676232
0.663145
0.676232
0.689319
0.715493
0.702406
0.676232
0.650058
0.623885
0.571537
0.532276
0.479929
0.453755
0.414494
0.388321
0.362148
0.349061
0.322887
0.296713
0.270539
0.270539
0.257452
0.270539
0.270539
0.296713
0.322887
0.362148
0.401408
0.401408
0.427582
0.453755
0.479929
0.493016
0.479929
0.453755
0.427582
0.401408
0.375234
0.362148
0.335973
0.309800
0.296713
0.270539
0.257452
0.244366
0.244366
0.244366
0.257452
0.296713
0.335973
0.414494
0.479929
0.584624
0.663145
0.663145
0.663145
0.650058
0.597711
0.545363
0.493016
0.453755
0.414494
0.388321
0.349061
0.322887
0.283627
0.257452
0.231279
0.218192
0.244366
0.296713
0.401408
0.545363
0.676232
0.767840
0.767840
0.767840
0.767840
0.754754
0.741666
0.728579
0.702406
0.663145
0.623885
0.584624
0.558451
0.532276
0.493016
0.479929
0.466842
0.453755
0.427582
0.414494
0.427582
0.493016
0.545363
0.650058
0.741666
0.767840
0.780927
0.807100
0.885622
0.911796
0.937969
0.911796
0.898709
0.872535
0.833275
0.780927
0.741666
0.715493
0.676232
0.636972
0.597711
0.571537
0.545363
0.545363
0.558451
0.571537
0.584624
0.650058
0.741666
0.885622
1.016490
1.212800
1.343660
1.409100
1.422180
1.369840
1.304400
1.225880
1.160450
1.095010
1.029580
0.964143
0.898709
0.846361
0.794014
0.754754
0.715493
0.689319
0.702406
0.754754
0.846361
1.003400
1.173530
1.330580
1.461450
1.579230
1.670830
1.723180
1.710100
1.657750
1.579230
1.513790
1.435270
1.369840
1.304400
1.238970
1.186620
1.147360
1.108090
1.068840
1.029580
0.990317
0.977230
1.029580
1.121190
1.252050
1.396010
1.566140
1.723180
1.854050
1.932570
1.945660
1.932570
1.867140
1.801710
1.710100
1.605400
1.526880
1.448350
1.382920
1.317490
1.265140
1.212800
1.160450
1.108090
1.068840
1.081930
1.147360
1.252050
1.422180
1.618490
1.801710
1.958750
2.076520
2.102700
2.115790
2.063440
1.998010
1.906400
1.814790
1.710100
1.631570
1.553060
1.487620
1.435270
1.369840
1.330580
1.291310
1.278230
1.252050
1.252050
1.278230
1.382920
1.500700
1.566140
1.644660
1.775530
1.801710
1.749360
1.749360
1.749360
1.683920
1.605400
1.526880
1.435270
1.343660
1.278230
1.199700
1.134270
1.095010
1.042660
1.003400
0.964143
0.937969
0.924882
0.911796
0.911796
0.911796
0.924882
0.964143
0.977230
1.016490
1.029580
1.042660
1.055750
1.055750
1.042660
1.003400
0.964143
0.937969
0.898709
0.833275
0.780927
0.728579
0.689319
0.650058
0.610797
0.597711
0.623885
0.663145
0.767840
0.937969
1.121190
1.278230
1.448350
1.579230
1.670830
1.697000
1.697000
1.657750
1.566140
1.487620
1.369840
1.278230
1.199700
1.134270
1.068840
1.016490
0.951057
0.911796
0.859448
0.833275
0.846361
0.911796
1.029580
1.199700
1.369840
1.553060
1.697000
1.801710
1.906400
1.932570
1.919480
1.840960
1.762440
1.657750
1.592310
1.526880
1.474530
1.422180
1.356750
1.317490
1.278230
1.225880
1.199700
1.173530
1.173530
1.212800
1.304400
1.461450
1.605400
1.749360
1.893310
2.011090
2.089610
2.102700
2.089610
2.011090
1.919480
1.827870
1.736270
1.644660
1.579230
1.526880
1.474530
1.435270
1.396010
1.356750
1.330580
1.317490
1.304400
1.317490
1.330580
1.343660
1.382920
1.461450
1.539960
1.579230
1.631570
1.723180
1.762440
1.749360
1.710100
1.644660
1.579230
1.513790
1.474530
1.435270
1.396010
1.356750
1.330580
1.304400
1.252050
1.225880
1.238970
1.291310
1.369840
1.474530
1.605400
1.618490
1.644660
1.710100
1.788610
1.788610
1.749360
1.697000
1.644660
1.579230
1.513790
1.435270
1.382920
1.330580
1.278230
1.265140
1.238970
1.212800
1.173530
1.147360
1.147360
1.147360
1.160450
1.173530
1.199700
1.252050
1.409100
1.566140
1.683920
1.736270
1.749360
1.710100
1.644660
1.579230
1.500700
1.422180
1.356750
1.291310
1.238970
1.186620
1.134270
1.095010
1.055750
1.016490
1.042660
1.081930
1.173530
1.291310
1.448350
1.592310
1.749360
1.880220
1.919480
1.958750
1.984920
1.932570
1.867140
1.788610
1.697000
1.618490
1.553060
1.487620
1.422180
1.369840
1.317490
1.265140
1.225880
1.199700
1.199700
1.252050
1.330580
1.474530
1.618490
1.736270
1.854050
1.932570
1.984920
1.998010
1.971830
1.919480
1.867140
1.788610
1.723180
1.644660
1.592310
1.539960
1.500700
1.448350
1.422180
1.396010
1.356750
1.343660
1.330580
1.330580
1.369840
1.461450
1.553060
1.657750
1.749360
1.827870
1.867140
1.867140
1.854050
1.801710
1.736270
1.670830
1.592310
1.513790
1.448350
1.396010
1.343660
1.291310
1.252050
1.212800
1.173530
1.147360
1.147360
1.199700
1.278230
1.382920
1.526880
1.670830
1.801710
1.906400
1.971830
2.011090
1.984920
1.945660
1.893310
1.814790
1.723180
1.644660
1.566140
1.487620
1.435270
1.369840
1.317490
1.278230
1.225880
1.199700
1.212800
1.265140
1.343660
1.461450
1.592310
1.749360
1.958750
2.128870
2.233570
2.272830
2.259740
2.194310
2.115790
1.998010
1.880220
1.762440
1.670830
1.592310
1.526880
1.474530
1.435270
1.396010
1.356750
1.343660
1.343660
1.396010
1.422180
1.513790
1.566140
1.605400
1.644660
1.618490
1.553060
1.526880
1.566140
1.592310
1.553060
1.474530
1.382920
1.291310
1.225880
1.147360
1.095010
1.029580
0.977230
0.924882
0.872535
0.859448
0.885622
0.951057
1.081930
1.186620
1.291310
1.369840
1.382920
1.409100
1.422180
1.409100
1.382920
1.356750
1.317490
1.238970
1.160450
1.095010
1.042660
0.990317
0.951057
0.911796
0.885622
0.859448
0.820188
0.807100
0.807100
0.833275
0.859448
0.977230
1.003400
1.016490
1.042660
1.016490
0.990317
0.990317
0.951057
0.924882
0.898709
0.859448
0.807100
0.780927
0.741666
0.715493
0.689319
0.636972
0.584624
0.545363
0.532276
0.532276
0.558451
0.610797
0.650058
0.715493
0.807100
0.937969
1.055750
1.121190
1.147360
1.252050
1.304400
1.252050
1.173530
1.068840
0.990317
0.911796
0.846361
0.794014
0.728579
0.663145
0.597711
0.545363
0.532276
0.532276
0.571537
0.650058
0.728579
0.820188
0.951057
1.121190
1.278230
1.409100
1.500700
1.526880
1.526880
1.461450
1.356750
1.265140
1.186620
1.108090
1.042660
1.003400
0.964143
0.924882
0.885622
0.846361
0.820188
0.807100
0.846361
0.898709
0.964143
1.042660
1.068840
1.134270
1.199700
1.160450
1.068840
1.016490
0.990317
0.990317
0.964143
0.911796
0.859448
0.807100
0.754754
0.689319
0.636972
0.597711
0.584624
0.545363
0.506103
0.479929
0.506103
0.545363
0.610797
0.663145
0.767840
0.833275
0.898709
0.990317
1.042660
1.042660
1.016490
0.951057
0.885622
0.820188
0.767840
0.715493
0.650058
0.610797
0.571537
0.532276
0.493016
0.466842
0.453755
0.440669
0.479929
0.493016
0.493016
0.545363
0.663145
0.767840
0.807100
0.872535
0.911796
0.911796
0.951057
0.964143
0.937969
0.898709
0.859448
0.820188
0.794014
0.741666
0.689319
0.650058
0.584624
0.545363
0.506103
0.493016