-0.473812
-0.473812
-0.487083
-0.540162
-0.566701
-0.659590
-0.672860
-0.513622
-0.208418
-0.261497
-0.420734
-0.367655
-0.367655
-0.407464
-0.500353
-0.447273
-0.460543
-0.526892
-0.553431
-0.619780
-0.606510
-0.659590
-0.619780
-0.686129
-0.686129
-0.779017
-0.792288
-0.858636
-1.044410
-1.057680
-0.885175
-0.540162
-0.354385
-0.274766
-0.181878
-0.128799
-0.248227
-0.434003
-0.619780
-0.566701
-0.633049
-0.526892
-0.447273
-0.553431
-0.619780
-0.526892
-0.725938
-0.792288
-0.765747
-0.672860
-0.579971
-0.553431
-0.765747
-0.818827
-0.845366
-0.460543
-0.327845
-0.327845
-0.181878
-0.208418
-0.434003
-0.540162
-0.699399
-0.818827
-0.672860
-0.526892
-0.818827
-0.765747
-0.845366
-0.951526
-0.765747
-0.858636
-0.805557
-0.911715
-0.792288
-0.752478
-0.540162
-0.553431
-0.407464
-0.314575
-0.288036
-0.221688
-0.195148
-0.102260
-0.128799
-0.221688
-0.301306
-0.248227
-0.327845
-0.261497
-0.155338
-0.168608
-0.314575
-0.301306
-0.314575
-0.301306
-0.195148
-0.274766
-0.341116
-0.261497
-0.341116
-0.367655
-0.327845
-0.261497
-0.208418
-0.115529
-0.009371
-0.128799
-0.102260
-0.102260
-0.168608
-0.168608
-0.102260
-0.181878
-0.128799
-0.221688
-0.208418
-0.208418
-0.208418
-0.221688
-0.261497
-0.234957
-0.314575
-0.327845
-0.327845
-0.367655
-0.380925
-0.367655
-0.354385
-0.354385
-0.367655
-0.354385
-0.341116
-0.367655
-0.407464
-0.407464
-0.407464
-0.354385
-0.341116
-0.341116
-0.380925
-0.367655
-0.487083
-0.513622
-0.672860
-0.739208
-0.885175
-0.951526
-1.070960
-1.110760
-1.137300
-1.177110
-1.203650
-1.230190
-1.230190
-1.283270
-1.270000
-1.283270
-1.270000
-1.283270
-1.270000
-1.283270
-1.296530
-1.309810
-1.336350
-1.336350
-1.336350
-1.349620
-1.402690
-1.376160
-1.362890
-1.349620
-1.362890
-1.336350
-1.336350
-1.296530
-1.283270
-1.256730
-1.216920
-1.150570
-1.057680
-1.070960
-1.057680
-1.044410
-1.004600
-0.845366
-0.805557
-0.871906
-0.779017
-0.805557
-0.752478
-0.633049
-0.128799
 0.202945
-0.155338
-0.009371
-0.274766
-0.354385
-0.288036
-0.274766
-0.088990
-0.022641
 0.003899
 0.043708
 0.043708
 0.030438
 0.056978
-0.022641
-0.128799
-0.115529
-0.195148
-0.288036
-0.420734
-0.434003
-0.553431
-0.553431
-0.686129
-0.526892
-0.619780
-0.579971
-0.593240
-0.526892
-0.473812
-0.288036
-0.062451
-0.049180
 0.030438
 0.083517
 0.017168
-0.221688
-0.341116
-0.553431
-0.447273
-0.513622
-0.407464
-0.301306
-0.327845
-0.460543
-0.487083
-0.606510
-0.593240
-0.606510
-0.659590
-0.540162
-0.606510
-0.672860
-0.513622
-0.487083
-0.234957
-0.102260
-0.314575
-0.261497
-0.314575
-0.394194
-0.447273
-0.460543
-0.500353
-0.526892
-0.579971
-0.566701
-0.500353
-0.420734
-0.487083
-0.500353
-0.513622
-0.540162
-0.447273
-0.553431
-0.367655
-0.460543
-0.301306
-0.195148
-0.128799
 0.083517
 0.229484
 0.070248
-0.088990
-0.274766
-0.367655
-0.380925
-0.460543
-0.513622
-0.579971
-0.619780
-0.672860
-0.699399
-0.765747
-0.792288
-0.805557
-0.805557
-0.818827
-0.818827
-0.818827
-0.832097
-0.818827
-0.792288
-0.752478
-0.765747
-0.765747
-0.765747
-0.805557
-0.805557
-0.805557
-0.832097
-0.845366
-0.871906
-0.871906
-0.885175
-1.004600
-1.110760
-1.190380
-1.203650
-1.203650
-1.230190
-1.296530
-1.389420
-1.336350
-1.270000
-1.084230
-0.924984
-0.792288
-0.792288
-0.739208
-0.765747
-0.924984
-0.924984
-0.964797
-1.057680
-1.017870
-1.070960
-1.084230
-1.124030
-1.163840
-1.110760
-0.991329
-0.991329
-1.017870
-1.044410
-1.044410
-1.084230
-1.243460
-1.031140
-0.964797
-0.938255
-0.911715
-0.858636
-0.832097
-0.858636
-0.898445
-0.938255
-0.924984
-0.911715
-0.924984
-0.871906
-0.898445
-0.885175
-0.898445
-0.924984
-0.871906
-0.858636
-0.871906
-0.871906
-0.871906
-0.898445
-0.911715
-0.898445
-0.871906
-0.832097
-0.779017
-0.765747
-0.712669
-0.739208
-0.739208
-0.752478
-0.765747
-0.779017
-0.765747
-0.779017
-0.779017
-0.779017
-0.818827
-0.832097
-0.871906
-0.911715
-0.938255
-0.924984
-0.964797
-0.951526
-0.991329
-0.964797
-0.991329
-0.911715
-0.871906
-0.792288
-0.646320
-0.659590
-0.712669
-0.739208
-0.765747
-0.818827
-0.871906
-0.911715
-0.924984
-0.964797
-0.978068
-1.044410
-1.124030
-1.243460
-1.270000
-1.362890
-1.336350
-1.296530
-1.389420
-1.469050
-1.442510
-1.256730
-0.739208
-0.646320
-0.579971
-0.579971
-0.699399
-0.898445
-0.951526
-1.110760
-1.097490
-1.031140
-1.031140
-1.070960
-1.110760
-1.150570
-1.150570
-1.203650
-1.243460
-1.336350
-1.429230
-1.402690
-1.415960
-1.469050
-1.442510
-1.309810
-1.203650
-1.057680
-1.044410
-0.938255
-0.924984
-0.964797
-0.938255
-0.978068
-1.031140
-1.057680
-1.097490
-1.110760
-1.190380
-1.243460
-1.296530
-1.283270
-1.362890
-1.389420
-1.402690
-1.455780
-1.535390
-1.575210
-1.561940
-1.323080
-0.951526
-0.858636
-0.686129
-0.725938
-0.858636
-0.951526
-1.070960
-1.163840
-1.097490
-1.031140
-1.097490
-1.110760
-1.150570
-1.203650
-1.216920
-1.283270
-1.309810
-1.389420
-1.429230
-1.270000
-1.296530
-1.283270
-1.177110
-0.885175
-0.712669
-0.606510
-0.500353
-0.646320
-0.672860
-0.725938
-0.911715
-0.978068
-0.951526
-1.070960
-1.057680
-1.057680
-1.044410
-1.017870
-1.017870
-1.017870
-0.938255
-0.978068
-1.031140
-1.031140
-0.938255
-0.885175
-0.911715
-0.765747
-0.473812
-0.314575
-0.314575
-0.473812
-0.473812
-0.540162
-0.805557
-0.832097
-1.097490
-0.964797
-0.938255
-0.871906
-1.004600
-0.699399
-0.739208
-0.845366
-0.885175
-0.924984
-1.044410
-1.044410
-1.057680
-1.044410
-1.017870
-0.911715
-0.739208
-0.606510
-0.566701
-0.500353
-0.513622
-0.540162
-0.672860
-0.779017
-0.858636
-0.911715
-0.871906
-0.832097
-0.871906
-0.911715
-0.911715
-0.951526
-0.991329
-0.978068
-0.978068
-1.017870
-1.017870
-1.044410
-1.057680
-1.031140
-1.031140
-0.991329
-0.911715
-0.845366
-0.818827
-0.858636
-0.911715
-0.885175
-0.978068
-0.924984
-1.097490
-1.137300
-1.031140
-1.177110
-1.243460
-1.177110
-1.216920
-1.216920
-1.270000
-1.190380
-1.349620
-1.362890
-1.203650
-1.110760
-0.911715
-0.832097
-0.765747
-0.765747
-0.805557
-1.044410
-1.163840
-1.203650
-1.230190
-1.230190
-1.243460
-1.296530
-1.323080
-1.323080
-1.336350
-1.336350
-1.323080
-1.402690
-1.296530
-1.177110
-1.177110
-1.137300
-1.084230
-1.017870
-0.951526
-0.938255
-0.885175
-0.792288
-0.858636
-0.858636
-0.938255
-0.978068
-1.017870
-1.017870
-0.991329
-1.004600
-1.017870
-1.137300
-1.177110
-1.216920
-1.190380
-1.177110
-1.177110
-1.256730
-1.323080
-1.336350
-1.177110
-0.978068
-0.858636
-0.818827
-0.659590
-0.460543
-0.566701
-0.646320
-0.792288
-0.898445
-0.885175
-0.951526
-0.978068
-1.017870
-0.951526
-1.044410
-0.951526
-0.871906
-0.924984
-0.991329
-0.964797
-0.951526
-0.991329
-1.017870
-0.938255
-0.739208
-0.646320
-0.314575
-0.354385
-0.394194
-0.487083
-0.553431
-0.579971
-0.633049
-0.672860
-0.672860
-0.686129
-0.752478
-0.845366
-0.911715
-0.938255
-0.991329
-1.044410
-1.031140
-0.978068
-1.044410
-1.044410
-1.044410
-1.004600
-0.978068
-0.898445
-0.978068
-1.057680
-1.044410
-1.044410
-1.004600
-1.044410
-1.044410
-1.031140
-1.017870
-1.004600
-0.964797
-0.991329
-0.964797
-0.978068
-0.991329
-0.938255
-0.845366
-0.898445
-0.686129
-0.712669
-0.818827
-0.686129
-0.593240
-0.447273
-0.354385
-0.367655
-0.288036
-0.221688
-0.208418
-0.288036
-0.487083
-0.659590
-0.633049
-0.871906
-0.845366
-0.672860
-0.686129
-0.672860
-0.752478
-0.672860
-0.380925
-0.341116
-0.208418
-0.526892
-0.646320
-0.367655
-0.261497
-0.195148
-0.062451
-0.062451
 0.083517
 0.017168
-0.035911
-0.168608
-0.248227
-0.354385
-0.407464
-0.487083
-0.672860
-0.672860
-0.818827
-0.991329
-0.964797
-1.137300
-1.097490
-1.124030
-1.084230
-1.084230
-0.924984